identifiant_produit|ca
0504CF51D6|1.100000023841858
122A1F6732|18.99999976158142
1CBEA75DEF|1.9500000476837158
42D677F5F4|16.1200008392334
465A1429C5|0.5400000214576721
541CEC02BB|2.619999885559082
730EC5865B|7.369999885559082
76FDC684C5|57.25999927520752
7E67F0C918|22.049999713897705
8367120022|6.170000076293945
9360B5D0B4|4.0
A0554D4151|8.9399995803833
A14076A8B5|7.449999809265137
A1DDBF527E|7.019999742507935
AA5528CA62|6.010000228881836
C68251209B|8.779999732971191
C7F33F272A|20.330000519752502
EE0EABB68E|18.700000762939453
F03A447FB4|0.2800000011920929
F20A80CA1B|3.119999885559082
F37CE69D9B|8.920000076293945
04276711DA|33.839999198913574
20C687452D|18.959999084472656
2FB62C4973|4.809999942779541
456077DD46|0.10000000149011612
63C7BCCA20|6.619999885559082
6B4923EA1A|11.130000114440918
78A49B048C|3.940000057220459
88E0CD2F97|7.050000190734863
98DA56DA54|8.489999890327454
9FBBD4327B|4.0299999713897705
AD31D6655F|4.96999979019165
CA2E2D1264|20.640000343322754
CB9F9A7C4C|1.649999976158142
D06AC7D576|19.15999984741211
D5BA72F467|19.059999465942383
D9D3F0FDF0|3.880000114440918
E7EB61D7FA|10.4399995803833
EF4A017FCA|6.590000152587891
FB7142DFA3|38.84000015258789
09B9D77113|2.859999895095825
16302DA1E6|3.5
22A1CFA105|3.4600000381469727
2AC0741B79|2.5999999046325684
2E1941D122|3.569999933242798
380C0219ED|20.930000066757202
3A71EC153E|6.449999809265137
65CADC3863|2.7899999618530273
6E76AAB198|21.510000228881836
7BC56A0729|6.210000038146973
7D73F7036C|42.41999959945679
7DB13B606A|1.3700000047683716
89AC0A2FD1|14.65000033378601
A928340878|4.739999771118164
BD58E76C38|1.6399999856948853
D9BE36129E|3.2100000381469727
ED219C7774|0.11999999731779099
F6E575246E|4.849999904632568
2586555B09|16.040000915527344
28D35E1D66|44.01999855041504
28FCBC443B|7.359999850392342
33B198C314|4.0
34584172F9|9.34000015258789
3B8DA21B55|1.7799999713897705
414582D8D0|39.14000046253204
48FF87B4D5|9.789999961853027
4F3877FC9B|13.65999984741211
50FD932559|9.210000276565552
526E19F9A0|5.800000190734863
543A376750|18.179999828338623
56456DB59C|3.2699999809265137
743857B9CF|5.079999923706055
9264FFF22A|9.460000038146973
965971CE10|6.559999942779541
BC54AA00C4|13.089999914169312
E083F35501|1.9600000381469727
E8C939502A|12.479999542236328
F7115B422C|30.28000020980835
0776E3EFE7|33.09000062942505
14C8F83808|31.360000610351562
215D84CE80|1.659999966621399
232379B0E9|14.800000190734863
33AB05D21D|6.630000114440918
374BFA7BB5|11.380000114440918
42D7BCE27E|7.300000190734863
4664400A24|34.720001220703125
4BC955F959|14.820000171661377
63A63C831D|48.44000053405762
67A27351B4|5.21999979019165
696652E563|2.5999999046325684
6E7B8414C4|8.289999961853027
6FF7B05B4F|9.829999923706055
760522539D|2.799999952316284
786E6921B0|2.4100000858306885
8424FC39C5|8.920000076293945
A60679BBED|21.990000009536743
AD30671F70|0.8600000143051147
B51FA37606|1.75
DE7B8150E0|39.91999912261963
F4BD2CAAFC|1.0499999523162842
F61281F178|1.340000033378601
F7D321E9EB|15.130000323057175
05E274F2D0|15.450000286102295
0ACDD195CB|4.53000020980835
20FDDA28E1|10.119999885559082
299EA20198|139.05000686645508
2A0EE6AF91|1.100000023841858
367B86C931|5.570000171661377
3F27ADBF95|9.890000343322754
419E68CC17|8.25
4686C7E9D4|3.619999885559082
5CD4CB4888|153.01999950408936
5D16ADB57F|0.14000000059604645
5F6C6B2B7D|16.72000002861023
74D198F1BA|11.720000267028809
818BF18404|0.18000000715255737
8A03ABD584|7.980000019073486
8A60EA23B6|0.6499999761581421
AE0BCC47FD|9.329999923706055
AFD7A7AA91|8.770000457763672
B6D5ABE0AC|16.739999771118164
BD4D8B6266|7.429999828338623
BFED05DA4A|18.729999542236328
D20EF85AFA|7.130000114440918
D8E2498828|13.260000228881836
D98F1EE204|33.23999971151352
E0C2014AB4|0.2199999988079071
EF13F8144D|7.429999828338623
F1EB068911|31.15000009536743
F2E84076A4|9.380000114440918
F3B52FD666|4.460000038146973
188C79CF20|6.110000133514404
328A8591DF|13.579999923706055
40448E3C1C|5.349999904632568
47D59C06F3|1.1699999570846558
54A57AE950|3.940000057220459
5AA33438E3|13.600000381469727
63E616C687|83.29999876022339
669851C434|3.859999895095825
66B372B751|3.190000057220459
69698FC193|8.869999885559082
6FC1317E58|71.17999970912933
71A8E9BB88|18.31999969482422
7E160A6722|9.989999771118164
7FA94A2EAA|53.39999961853027
81BBDD0EC8|7.920000076293945
8742B27DDC|8.979999542236328
93C88B3960|8.5600004196167
A3D49B1DAB|9.100000381469727
A5F8BC8876|5.0
A6FC352FD0|15.180000305175781
A7933022BA|5.409999847412109
A970D9C30D|12.399999618530273
BF2FCCE9A2|19.020000457763672
D4B40A776F|5.340000152587891
D4B64FCB2B|1.6699999570846558
D8EBB9BD14|10.559999942779541
E1792A57FF|21.419999182224274
FD5EAB9DBF|19.739999771118164
035FD48599|15.539999961853027
1165C75FD3|6.460000038146973
25833A42D9|8.869999885559082
258A63969D|13.859999656677246
379DCA9B8A|4.919999957084656
4163AA72E5|1.8200000524520874
4D8B11010E|61.40000009536743
511312F574|1.0800000429153442
5F98C06273|1.5700000524520874
62FC521EA4|16.080000281333923
66503C81B8|9.039999961853027
7E329748A1|3.7100000381469727
932C62F513|2.9200000762939453
97E08AB3B1|7.019999980926514
B72A5C963C|2.0399999618530273
DF7719A2B6|9.929999828338623
F3F73986FB|6.599999904632568
F618B87F08|8.170000076293945
F889C929FA|8.4399995803833
FE1FBFB793|10.880000352859497
07F667D3FE|50.28999948501587
0C3193311D|13.739999771118164
13E500EE46|112.07999801635742
26F8E8EC48|9.819999694824219
420669E872|8.0600004196167
4B2B478241|3.3300000727176666
5960B25AEE|11.880000114440918
5AFC2453FD|2.200000047683716
6A5B31A8BD|18.0
791B12FDFF|25.579999923706055
83389BB6B2|6.579999923706055
940D184733|9.180000305175781
9761704E97|1.7200000286102295
9794A19F1D|2.119999885559082
A7DC3F40E1|38.69999945163727
AA4C8F27AD|8.350000381469727
ABAA24154C|6.429999828338623
B52A191B73|14.609999656677246
C417DE3D40|111.76000308990479
C8FA04D502|7.059999942779541
D87AA48507|1.309999942779541
0004005FBF|7.0
001AB98A9E|10.479999542236328
30A209D729|8.65999984741211
30D7EB24D5|123.87999850511551
435D07138C|34.31999969482422
53CF9E01A4|6.989999771118164
56489989E0|113.51000118255615
5FB7F3B065|82.14000225067139
61317251BA|9.899999618530273
6B5172234F|17.34000062942505
8649783464|15.5600004196167
8831356D22|34.07999813556671
8EF4E3BD3A|84.92999982833862
AAB4888538|8.46999979019165
AE0632376B|24.7400004863739
B12D96E4EB|39.0
B948DED8C0|24.030000686645508
CF1BDC1699|0.30000001192092896
DF42544ECC|8.100000381469727
E93BA2EC02|37.59000062942505
0196F09DFC|1.2899999618530273
0580ABFB82|26.62000036239624
15A1216FBE|7.5
1CAC707D19|7.200000286102295
1E021F498E|1.7400000095367432
5A39F6C1B7|19.31999969482422
5A9E965603|3.759999990463257
5D73803CD8|27.58000087738037
5F686325FD|58.65999889373779
6230E33583|9.0600004196167
78F636488A|9.230000019073486
84FE4E2049|8.960000038146973
852FD6A850|6.829999923706055
8AF60ED81C|3.6000001430511475
8C68B59C37|18.66000074148178
96DC2FBAFB|4.3500001430511475
AA57E92691|7.489999771118164
B7C9571688|2.6500000953674316
B7D5E68376|2.880000114440918
C3DE8BF31B|38.269999980926514
DA8A90A35B|5.300000190734863
EF23681066|7.239999771118164
15381E94B6|18.289999961853027
24C18A5019|9.450000286102295
3D837A5D4E|16.530000686645508
419067DB99|5.039999961853027
436AAB352B|4.320000171661377
445BA9E3C9|9.619999885559082
4D8B8CAA82|0.38999998569488525
70702F18C5|22.200000286102295
7E4E32F5BF|5.0
8D4689D9F1|15.34000015258789
B6B9BE7EE8|16.680000126361847
D69EAF8739|58.59000062942505
E97540ABE3|8.640000343322754
EF7526DE73|3.390000104904175
F0ABAE2C71|6.269999980926514
F3ED8E2F22|7.699999809265137
F941D97313|11.479999542236328
0179C13E76|8.5
30647FBEC3|17.78999948501587
3AC9FD21F2|2.009999990463257
3C1004229F|0.2800000011920929
3C443D107D|5.949999809265137
4D54326B79|8.800000190734863
50B6FFA421|14.749999523162842
591D14DDC3|1.6299999952316284
6DEAAF7778|7.239999771118164
799618AF03|2.4200000762939453
92FE63E8D9|3.059999942779541
995136D9B3|6.519999980926514
9F3E8C1FF6|15.399999618530273
B5AA8DA762|15.5600004196167
C9D7A7C7D8|7.320000231266022
D0ECFED963|4.960000038146973
E166DDA5FE|22.559999465942383
E16920933E|7.490000367164612
F54B2BB2A5|25.380000114440918
0DD647A79B|15.119999885559082
3118204BA3|2.5700000524520874
34E32D45CE|14.330000400543213
50CE9D5F13|6.110000133514404
625E8BA430|3.759999990463257
65D38AE3E1|14.75
78F08E5BD6|37.000000953674316
97B6BC76F3|3.5899999141693115
991BBA8A55|18.079999923706055
9D6125B720|8.100000143051147
9F95AB11F3|8.800000190734863
BC7C9381FE|20.850000381469727
CDD41888CA|7.079999804496765
D42911A0B5|9.640000343322754
D4D0DA8A98|0.20999999344348907
D671161A2C|13.889999866485596
E2D45AAA4C|12.4399995803833
EA7DDA7550|59.1700005531311
EDA88857E6|12.100000500679016
F6DC864363|7.579999923706055
1EBC383429|36.63999938964844
55D0A18229|5.28000020980835
60400F771B|7.369999885559082
6619D636B1|76.16000366210938
7B23461B43|2.9600000381469727
83EB48377E|16.31999969482422
9A5DBB1710|22.700000047683716
9B9A14C482|12.579999923706055
9BB7DB59C9|29.8799991607666
9FB5949A3B|5.849999785423279
A8A61B4C26|4.239999771118164
A95019888B|11.860000312328339
A999D63B73|21.790000438690186
CD4A94BF6A|8.660000383853912
CDCA9BAF40|8.319999694824219
E0BC72EAE2|48.6899995803833
E0C2E3FC63|86.17999696731567
FC34994947|5.019999980926514
FF1B82AD5F|5.320000171661377
01B17BE425|19.84999990463257
02CFDF627A|9.75
1894F0EF0B|7.170000076293945
1A8073AB56|3.440000057220459
2A25FC1891|112.0999984741211
3EBBEE1763|16.03999936580658
4917DB8BA5|16.799999237060547
49BB80822E|3.759999990463257
51EB6428A9|0.9599999785423279
525D73C0C8|11.720000267028809
5615B48285|9.27999997138977
602E664D7F|6.519999980926514
6C1C5F96F2|17.219999313354492
82046E7769|2.089999958872795
82B1A3C907|45.57000160217285
85EBBFF497|37.400001525878906
9892D662F0|12.84000015258789
99ED0151B5|15.839999914169312
9A04CA3710|15.09000039100647
B5D86BBDBE|6.619999885559082
B63BDEDBA9|8.880000114440918
B7EA1E2016|5.460000038146973
BD3B533CFA|2.569999933242798
CCF3B73256|1.1699999570846558
D62ECE3132|9.720000267028809
D674CF88CF|8.960000038146973
DD77FF07DC|4.820000171661377
E4022339BB|3.4000000953674316
EF738F0778|4.150000095367432
F3E4A9D0E0|3.240000009536743
0B34028D29|8.859999656677246
0FCA8D0E65|2.4100000858306885
249DEAEB76|18.559999763965607
35CF789BA7|28.580000340938568
4BC417DDF1|19.28999948501587
500932A2E4|5.460000038146973
621BF45250|2.380000114440918
6B04962CE2|8.800000190734863
90E12134F1|1.9199999570846558
926C0666F6|19.660000324249268
A6E94507F8|4.690000057220459
A8DF666D6D|23.19000005722046
B09C91974B|9.119999885559082
B1325D4C19|16.1200008392334
B8C98C9517|20.90000033378601
C282DB02A8|7.010000228881836
CBEC3D222F|10.199999809265137
D41C15D5FE|7.599999904632568
DD7FD6CA63|2.930000126361847
E132A95DEE|6.670000076293945
E1B0709B11|65.5600014925003
F0DC3A729A|44.78999996185303
FB03305948|10.200000286102295
024766C6D3|1.7000000476837158
20F42590E3|1.0700000524520874
306817346C|19.080000400543213
328F732F18|0.4699999988079071
33547D09A1|0.6399999856948853
376E7C1E2C|38.09999942779541
3C6F935E06|50.639997482299805
3D7AD14CAF|10.350000143051147
43BFAF2867|2.690000057220459
4AE4D4C7EA|3.0
522C79A8C0|2.7200000286102295
6418F18DF4|2.3299999237060547
696F92D319|17.6200008392334
6C4190B8CE|12.920000076293945
7A62323FFD|53.10000228881836
7B133B3FE9|38.059998989105225
900B3AF4AB|9.779999732971191
935352203B|6.25
BF3D45A20E|9.619999885559082
D4187F87D6|16.919999599456787
DA3E567FE1|58.44000005722046
DF07099FC9|7.78000020980835
E231C4B323|31.089999675750732
E3EB91AD9D|23.079999923706055
EBC0B64073|3.7699999809265137
EED62D2256|13.039999961853027
F4F7ADA697|100.35999888181686
11AD5A74D0|2.3299999237060547
1CEF83C863|5.340000152587891
5662650214|9.119999885559082
6FEAB9C418|4.139999866485596
76DA7C78DD|44.219998359680176
88B77E3B54|9.670000076293945
9EC38132F8|3.0
AA7FC0FD9D|4.369999885559082
B82460403E|25.62999963760376
B989B8F2A1|64.11999893188477
E2AF5710A9|5.019999980926514
E3553462CB|4.5
ECB817A406|263.81999856978655
F491BEA5D2|0.05000000074505806
F9B850C9E9|1.5800000429153442
17DFEA67F1|6.860000133514404
218859746E|35.200000286102295
2FDD7F0AAD|1.2799999713897705
56401D704C|6.360000133514404
57944BAA94|21.77999973297119
8D99F164EC|11.889999628067017
9EEA479A9C|1.2200000286102295
CFEAA617CD|2.700000047683716
D092279CD0|8.399999618530273
D63980FBFA|60.89999771118164
EBB2CE9979|1.4700000286102295
FF5282AA4D|5.190000057220459
16982FD35C|9.539999723434448
18DADE8861|3.7799999713897705
214D8D4D68|3.130000114440918
21EE1F442E|36.05000019073486
2D88258F9C|49.49999809265137
67076D294C|5.96999979019165
6ABBAC14BE|12.460000038146973
74C340EAA5|6.809999942779541
89913F63C1|21.489999771118164
A12503CC43|14.470000147819519
AC903F9F78|34.94000053405762
B4EB8F6A9B|2.200000047683716
C8A85BF06F|0.41999998688697815
E59FCA9509|7.420000076293945
FD65160ABD|13.0600004196167
2AD5714572|13.109999895095825
31A2A06393|11.010000467300415
3AE21F11A9|5.159999847412109
440251F3E3|78.32000207901001
4C561D32F3|6.880000114440918
517EB94EEF|7.540000140666962
62FA82161F|90.20000302791595
71201AD702|14.640000343322754
770F837102|5.940000057220459
77D26467FB|6.0
8DF9B8DCF4|9.49999988079071
91136F56CC|29.489999771118164
9D8F008B04|0.7900000214576721
A29A173856|2.2799999713897705
AFB9BE0187|5.670000076293945
B00ACC6E62|9.199999809265137
BAFB3A5468|5.579999923706055
BE8C030E57|11.87999963760376
C3DCA7E1B5|29.110000610351562
D017FAAB0B|5.590000152587891
D76678AB24|26.010000228881836
D7C0C57260|4.159999847412109
DCED7D3074|16.40999937057495
169380B06E|4.940000057220459
196DFEDF58|1.2799999713897705
3267AE2AF6|21.040000915527344
480E3AF027|7.419999837875366
524E8F7107|5.78000020980835
58373BDF84|129.24000072479248
5A95113844|1.899999976158142
5DED80CDA4|14.240000247955322
6E9BC7D300|0.5400000214576721
70E02DDF8F|23.519999504089355
71D7161349|11.519999980926514
72F545E998|9.919999599456787
7722C08C8B|13.700000047683716
7A7241C989|8.130000114440918
7F9DB8C402|3.890000104904175
87672537B8|119.37000179290771
B2F8A1914E|27.359999656677246
B61C32E849|0.3100000023841858
BA0723847B|4.730000019073486
BFEF2806C0|2.7100000381469727
C23F943104|49.579999923706055
C302C26F71|10.259999990463257
C3DF06C348|6.340000152587891
CDB40FAE51|7.170000076293945
E3B9D6D7C9|0.9300000071525574
ECE4324C89|9.210000038146973
06CE1097E8|3.8499999046325684
0F1C696DB2|21.480000257492065
157BF23852|7.599999904632568
26F03617B2|16.719999313354492
27566F4E54|16.019999504089355
28ACA77C95|0.03999999910593033
2FC875012A|6.710000038146973
388572654A|12.299999833106995
440854FF5C|9.569999694824219
487AD37858|7.3500001430511475
5869084C6A|12.549999713897705
5FEDA57510|10.800000190734863
6088571FDB|9.669999837875366
64899BDC84|0.7900000214576721
6709959C00|2.859999895095825
6B10CC4A5F|3.309999942779541
918E7B1599|7.300000190734863
98925BD5AE|12.699999570846558
98F6A321E5|25.59000015258789
9F3DF5D0BE|34.97999858856201
A41AB0CE8A|3.809999942779541
B7946CA236|8.899999618530273
BD22632EC1|2.9700000286102295
D4D3E7D29F|8.289999961853027
E381D9445F|30.520000457763672
F04EFE649C|54.160001277923584
04E7683711|0.1599999964237213
0FABFA3BAB|4.389999866485596
10625D5D80|0.550000011920929
207BE7782B|22.460000038146973
21799D9403|2.819999933242798
2793CC73DF|3.9100000858306885
345AA9D286|14.800000190734863
4A2D3DCF80|5.960000038146973
4AAC38E7A1|4.949999809265137
61F97F8A97|4.139999866485596
73A5EC8BE2|15.319999694824219
805ABBC0EF|27.40000057220459
99709AD7D2|6.230000019073486
9FDE86E40C|40.160000801086426
C3A42F3D92|62.760000228881836
D2D69126E8|30.140000104904175
E02F031337|22.520000457763672
E7D48BB63A|5.840000152587891
F64790827D|4.599999904632568
00B21FFD70|39.97000026702881
4015E8EA79|13.15999984741211
40F6F90769|6.269999742507935
4F6714B43B|14.359999656677246
5020F35C74|7.289999961853027
59E30CD241|6.639999866485596
6EAD8C95C8|6.630000069737434
7786DB10FE|25.140000700950623
8335476C56|10.859999656677246
8EFC93E8F3|1.6100000143051147
909F67B4BA|7.630000114440918
9600611687|9.069999694824219
9D1E1106D0|1.1799999475479126
9D900D9B69|5.809999942779541
A1F0E46473|7.829999923706055
A343B96BFB|29.320000171661377
A3B2739A63|1.9199999570846558
A7CAD260FD|9.039999961853027
BA98D43098|7.860000133514404
BB84487974|55.170000314712524
C286455AE1|19.31999969482422
D79FE3EC4B|0.5600000023841858
E614AFFF6E|4.360000133514404
E93ACA54B6|1.0800000429153442
07330725BC|17.75999927520752
0965324BF3|3.259999990463257
2063B10FF7|0.8399999737739563
28C85AE72A|7.360000133514404
2AC1F646BB|9.729999542236328
366DE92BE2|2.0
3EE49CD457|22.68000030517578
43BD241E98|9.40999984741211
4DF8CEE592|4.269999980926514
52E8FEA22C|2.7799999713897705
54971EAD89|18.139999389648438
5FB2C9F4B3|21.090000867843628
62B00BB3B4|11.359999656677246
6364A1E38A|5.599999904632568
698B2F07DA|3.0399999618530273
78FAB80A37|19.760000228881836
87F1A888F0|14.179999828338623
906FC8DB5B|8.100000083446503
99CB39CF8B|17.90999937057495
9A81B9D327|4.800000190734863
9B0E2C646B|57.979997634887695
BE5236679E|4.71999979019165
C05CDF30A5|2.299999952316284
C35103F1EC|19.719999313354492
C4AF5B81FD|6.440000057220459
D2FDCCE74F|42.90000057220459
DFE112DBCC|21.030000686645508
E1C4CDB883|9.86000046133995
E75F1C24D1|12.260000228881836
0C45F21F44|6.849999904632568
3DE45736BC|28.140000343322754
46D93BD57A|2.7300000190734863
4CC0091DAF|4.889999866485596
4F5E43186E|2.200000047683716
573F41EA13|17.8100004196167
62403ADD94|9.630000114440918
73B1FCE6FE|4.159999847412109
871700D88A|58.19999885559082
9B2AD8A809|24.020000457763672
A02F3E397C|16.219999313354492
A59AACC503|2.859999895095825
A99969C479|32.2400016784668
B59DEB2F1A|1.159999966621399
B665B8AEC0|2.3199999630451202
BF7346B346|3.3600000143051147
BFE94B816F|17.259999752044678
C578EE4F05|2.619999885559082
C716307AE4|2.9800000190734863
C8DA4E07A4|14.859999656677246
D888BBF302|4.159999847412109
ECD8C80E3A|3.880000114440918
ED5CE51BDD|24.109999418258667
FE3A8E1C4C|16.84000015258789
FEC8C88B37|11.239999771118164
12A5155690|13.739999771118164
138C649B54|13.190000057220459
31FDE5B714|2.319999933242798
453C31DB4E|3.059999942779541
461C9790F7|14.0600004196167
73A77513E9|10.5600004196167
8709C71C53|17.75
9710EA162C|19.780000686645508
9900A4304F|19.540000915527344
A4614E9BED|2.9100000858306885
A4DF03E731|99.96999955177307
BD41663337|9.039999961853027
D2BE1AAD84|12.009999871253967
D90143823D|61.25
EA36A6939B|3.6700000762939453
FA65C1A1C4|17.639999389648438
0748E7512D|15.079999923706055
2FD6F3F3CE|24.200000762939453
40132ED9E9|4.949999928474426
48A79402E2|8.880000114440918
4A5C10683D|18.559999465942383
6D7EA16E6E|1.2300000190734863
76D3B9E7F4|30.19000005722046
7AFBF32DD8|21.8100004196167
9022FF7CD3|1.0499999821186066
91C9D71A8A|6.419999837875366
98712DB04F|6.570000171661377
A4A364B157|8.719999581575394
A55A2108ED|5.090000152587891
AA45E6ECD2|0.6800000071525574
EAED6211E3|13.640000343322754
F0A55836A0|4.099999904632568
FDA7710408|4.900000095367432
1F0D4861C6|30.1200008392334
59FA79BA04|1.9500000476837158
5F5D20E7CD|8.789999961853027
68AF18E05C|13.880000114440918
6E55F3BE2C|14.169999599456787
A4EDAB0DD3|7.039999961853027
B144DC04DB|18.460000038146973
B8BAF7222E|8.65999984741211
B9AC33E9D1|9.970000267028809
BA1C253363|2.819999933242798
D35861E0BC|10.320000171661377
E832DEEF4E|3.0799999237060547
EF836025E4|16.799999237060547
F13606C101|12.239999771118164
0140FDEA3F|6.0
155CB60BAA|2.619999885559082
1FCF736D91|2.0799999237060547
482E5CDA9B|26.609999656677246
4FA4897419|18.419999599456787
53F8C3ADD8|3.990000009536743
58AFA4A9DF|39.190000891685486
69FE6A3F0A|9.5
73C4293286|6.340000152587891
987EB35DDD|18.47000026702881
AF0E30435B|28.619999885559082
C36972C7E0|9.050000190734863
D0A3B57138|9.850000381469727
F3058A8E5E|9.559999942779541
F723619BF3|9.640000343322754
FBB0C2FFA3|7.190000057220459
FD3626373A|0.8500000238418579
FED291CC29|26.62000036239624
01AC0D8AB7|39.400001525878906
077FE890F2|15.970000267028809
0C18EC4017|29.819998741149902
136E906D8E|6.570000171661377
13933F03C4|12.59999942779541
150CD6C3B0|13.15000057220459
1AD9CBEC6D|9.90999984741211
1F80AA728B|7.159999847412109
20C9381B36|5.659999966621399
30BDBE5BFA|12.679999709129333
41C894A08C|22.979999542236328
558CB561D2|5.0
83C34CDD05|8.200000420212746
8A7E467B20|3.75
9C20175993|7.860000014305115
9E97600FC3|0.0
A16A7F9CA9|8.550000190734863
B3657BC81D|26.209999084472656
BC52A05C66|8.010000228881836
C19FF76A57|29.97000026702881
EFB1FBB769|1.5
EFFF52D490|23.169999599456787
FD9DD30213|2.559999942779541
FFC939C02D|8.020000457763672
0F10C9534B|24.67999917268753
22CFED13E3|21.019999504089355
26EF7F8121|5.309999942779541
2A6D3D9BDB|5.519999980926514
38B6CC096E|7.429999828338623
3AC38D2876|20.280000686645508
402B7296D2|45.22999952733517
53FE758C1D|5.320000171661377
593F1C64C2|3.0799999237060547
666C0CD724|5.519999980926514
84109923C2|19.770000457763672
9AD63D16AD|6.7799999713897705
A747031941|7.139999866485596
A818633BCE|22.100000381469727
A8EDA6D190|2.7799999713897705
B6628FAFA1|6.150000095367432
B87B63C3DE|34.019999742507935
BA5D2EA2F3|3.0999999046325684
C4ACBB6E7E|20.940000295639038
CFC10FF550|14.880000114440918
E57F5BDB83|37.190001010894775
F47ADC740B|25.95999974012375
FF1E716D64|1.690000057220459
0011F2E167|11.800000190734863
001D78769E|7.769999980926514
033E7F31BC|36.69000053405762
0885B7DB90|22.28999948501587
165DC08DF6|44.36000108718872
25381A36D9|8.380000114440918
2DE9B120F6|9.139999866485596
43F48FAB36|7.989999771118164
53322A3A1E|9.829999923706055
5371D112EB|27.71999990940094
5AF3697EBE|9.81000018119812
6C0FE3090E|8.039999961853027
755DE8CB73|0.1899999976158142
7C1C910D37|9.75
7D1A787557|23.18000030517578
80DEC74D0E|2.930000066757202
8B412727A2|9.619999885559082
8CF1C43B3F|0.47999998927116394
8D7FE4536C|9.03000020980835
94749449C7|4.269999980926514
B34910135A|42.829999923706055
C94BA7EFD5|18.81999969482422
CD46DCC5A2|6.809999942779541
D3C0AFE48D|20.899999141693115
D9C3C4EA3F|1.1699999570846558
EFE581C9A5|43.35000038146973
F17561CEBF|2.9699998795986176
F7A46D26DB|8.960000075399876
F7A7DB9AFD|5.010000228881836
FF35669C22|0.27000001072883606
069F59E942|3.9800000190734863
0D30DD1E9F|3.0
10233C72FF|24.079999923706055
14BBCE1707|4.179999947547913
171A977B9D|2.9600000381469727
1F5B0FD193|11.699999809265137
3846FF7788|5.699999809265137
49529FDD88|7.389999866485596
776205936C|23.119999885559082
85F4C83FB6|10.220000267028809
8745A1098F|15.0
895DEEF207|7.099999904632568
A397B3A806|0.949999988079071
AEC6D86D3A|11.799999475479126
ED7BB02374|65.27000141143799
0F68555E65|9.01999968290329
110DE2EBB2|6.369999885559082
17E43FA51D|5.970000147819519
1F06431043|29.819998741149902
4663684251|33.96999955177307
4E95149C7C|57.75999712944031
4EEC80F10A|9.270000219345093
523A180713|5.460000038146973
823AB07533|7.539999961853027
9A6D2B3204|11.239999771118164
A4F6CC5CFB|9.430000305175781
AE1277327A|110.52999994158745
B1EE7B3BF3|7.139999866485596
BD7DEE3E17|8.920000076293945
C680282264|49.739999532699585
DAE0DF09E3|7.440000057220459
E73F90E18F|6.169999837875366
F1B467068A|3.950000047683716
F5DB9B0751|17.020000457763672
FE1B111DF3|2.3399999141693115
0482D1478E|14.260000228881836
1AFFDFE23F|9.210000038146973
3676129923|1.649999976158142
41DDB94F1E|15.220000267028809
451DE27981|6.860000133514404
46D63BFD94|4.200000047683716
5F2958D031|10.020000219345093
6160EBC169|2.2899999618530273
6CBE887A4D|5.889999866485596
AF433572F0|8.870000123977661
BB43781A89|24.660000145435333
C2B086A9D1|7.519999980926514
C4AB5C3F91|9.699999809265137
D9437EDBBB|9.75
EEF9079944|12.170000076293945
EF9EEBCA1C|6.25
0083F6FBC1|12.400000095367432
03BB1F7A3B|9.380000114440918
0867974F2B|27.899998903274536
163091887A|8.949999809265137
2181FDE287|3.0299999713897705
2816DCC246|4.230000019073486
3EC90436CD|1.0099999904632568
5C37577370|8.720000267028809
62FDDAE520|1.8600000143051147
6934C26B69|23.81999969482422
7EB2AA516C|4.590000152587891
84CF154B88|23.629999697208405
8BC63EA78E|4.159999847412109
97696E14C2|8.430000305175781
99E777BC23|10.6899995803833
9C5A981B0F|4.309999942779541
9DBFDA0F70|6.03000020980835
A8EB47152E|2.700000047683716
CFC5D8AF53|8.3100004196167
D8FFFCF489|6.809999942779541
DB87BEBB8E|17.619999885559082
EBED3C0AE0|18.68000030517578
11612E05B8|7.900000095367432
1B9D18452D|18.960000038146973
1BA44E3573|0.20999999344348907
202B062125|5.050000071525574
21D1AA502C|8.359999656677246
492EFD3F25|7.309999942779541
5CF54D9D0F|2.859999895095825
61C4ECE3F1|16.020000457763672
6EBEF8ABC1|18.339999843388796
78D370E797|3.7799999713897705
95E7F3B424|11.809999942779541
BE5A11EA01|2.8299999237060547
D3978F965C|7.239999771118164
DA3E03B421|15.829999923706055
DDCA886664|17.969999313354492
DE5CEF1FED|9.199999809265137
E17C398B68|9.609999656677246
F2AE018018|0.8100000023841858
F34F14B113|18.139999866485596
0ADEDE01A6|8.569999694824219
14952DDC6C|2.5799999237060547
1D2EA3D9E7|6.130000114440918
3B6B8AD3E7|11.529999613761902
468C0044C2|19.18000030517578
56C77C0C30|10.570000171661377
5BBD1463F5|6.800000190734863
6D2C5470B6|1.7599999904632568
814E91F917|5.210000038146973
92BA583734|6.46999979019165
98E226E8B2|8.220000267028809
A4151E379B|7.010000228881836
AE199B3929|14.429999828338623
D081DBCBFF|9.819999694824219
D12349D854|15.380000114440918
D9FB1BCD03|2.159999966621399
DB3B5AE656|8.649999618530273
DEED531EA9|18.360000133514404
E149F51338|12.510000228881836
136DA966BA|32.500000953674316
18D455079B|8.449999809265137
25DFAC35B8|26.84999942779541
29157B4A87|5.949999988079071
304C4AB3CB|29.910000801086426
544ADBFD76|1.4500000476837158
61D0FD947E|7.820000171661377
6B9B81F9DC|4.21999979019165
704CCBE45A|2.9200000762939453
70A9D798BA|14.420000076293945
720EFE8ADA|4.300000190734863
7964F739D8|10.979999542236328
7B36CCB39A|19.399999618530273
84A6D13107|6.510000228881836
88D412D331|5.559999942779541
9B7B25F45A|8.220000267028809
B16DE19E59|5.179999828338623
B1DEFF40F7|6.960000038146973
B7DFA63CAF|6.039999961853027
B8D751B13C|7.260000228881836
B8EB404C8C|21.449999809265137
B97DC7B8D9|9.529999732971191
BED7F01E51|0.12999999523162842
D5D4C8AFCB|11.300000190734863
D6038F4A24|7.849999904632568
ECE59C7EAC|4.690000057220459
FE7EDAB97C|8.390000104904175
00A6F2B66E|0.30000001192092896
1000DC7014|27.930001258850098
2221EE5B3E|24.410000324249268
424E13F036|9.389999656006694
6AB9C05ED7|11.279999732971191
72ED90B53E|8.229999542236328
7330FEF922|9.079999923706055
7548AC9AAC|47.60000133514404
952030B1DC|2.5199999809265137
A0BBB039A3|2.9200000762939453
B001998E25|0.9700000286102295
B4D302FB67|4.300000190734863
BD8F5227F5|25.429999828338623
BEF6A45999|42.69999980926514
E21C55C87A|0.7099999785423279
EA1D304EBC|14.990000545978546
F1D12B0D8E|10.869999647140503
FB44D7B7B1|1.4900000095367432
014FF3A4A2|6.540000081062317
09E31BB941|24.15000057220459
0B85E25775|5.730000019073486
0DD5E14B21|1.1200000047683716
1CA42752C8|10.559999942779541
5047415262|7.570000171661377
664A197765|16.799999237060547
6E1AABFF3D|8.600000381469727
744D762C69|3.259999990463257
8BA43CE89C|5.019999980926514
94FFF54318|16.940000534057617
95303FBE7D|39.31999969482422
9766E4BF3A|7.050000190734863
A1D77972E9|4.980000019073486
A1E8CD8181|5.260000228881836
A82D3964BA|1.0800000429153442
B023C33CD7|3.130000114440918
BEC700F6D3|17.450000688433647
BF3F4D028F|12.100000381469727
D9326A65B6|8.609999656677246
DAEEC7F0BF|3.200000047683716
F2C42C6D2C|30.760000228881836
F7D8A26C59|15.640000343322754
3807E08F49|18.09000062942505
42ECBF8A30|5.239999771118164
4AF53C40D0|5.679999828338623
55673BA904|1.940000057220459
56085184B5|2.430000066757202
80DF657E08|14.309999942779541
8B9C9225EE|0.44999998807907104
8D23AC031A|35.00999927520752
8EB2D58E6D|23.80000066757202
9074C6526B|0.8100000023841858
9ED2992F73|3.880000114440918
AC26B8470E|1.2799999713897705
AC69A6E267|7.550000190734863
AFFD7B9B41|0.550000011920929
B0A58B28ED|13.930000066757202
B0F2E55989|9.300000190734863
C39057DA77|5.039999961853027
C5E1243BA1|16.919999599456787
C63C909732|24.859999656677246
C68A1F2C9F|3.259999990463257
C9C20DCB24|8.949999809265137
D4F4A00B95|37.5
D84DA3E436|3.319999933242798
DB49820FFD|1.940000057220459
E170D93EBE|0.8100000023841858
E9C8C363AC|6.840000152587891
ED9E24D3F1|16.15999984741211
F79BA5AFD8|2.7200000286102295
F7E2D76F03|2.659999966621399
FFD7B05EF6|2.640000104904175
05F97AA16B|26.809998989105225
1342794BC4|8.300000190734863
13DFAF8442|2.0899999141693115
1EB74341E4|17.5
1EF8AD1C56|8.539999842643738
269A7AF397|13.239999771118164
33D59901C6|11.15999984741211
5E1EE0CCAD|23.489999771118164
6C8B5C5F78|6.090000152587891
D2B50D1647|74.680002450943
E055DD903F|7.800000190734863
E5964427C9|5.239999771118164
F7EB361E8E|19.5
00BAB89572|11.910000085830688
03A522EC13|22.72000026702881
0E0331F46C|34.940001487731934
14539442E0|13.5600004196167
1D7E27D01D|75.47999727725983
29C0C831C2|10.920000433921814
3124184E69|9.569999694824219
42DB6EA36C|12.640000343322754
4F6B55F5A9|20.120000183582306
934FDAA05A|18.34000062942505
99625E13E3|6.239999771118164
A297CFF920|7.329999923706055
A37D1CDB55|29.280000686645508
C11A854EBC|6.299999952316284
C29CC28D7D|16.260000228881836
EAF9CACA7F|11.100000381469727
F26DAE7C01|5.210000038146973
0A14D661E1|16.880000472068787
1485C4E960|8.170000076293945
1AC60A01D8|5.809999942779541
2D927CE174|0.7599999904632568
311198E88D|0.3199999928474426
3213C6B83D|32.49000024795532
3661EA0386|0.7200000286102295
575DCF61C7|1.6299999952316284
65D2C7EA76|22.799999237060547
6635135959|9.139999866485596
7E8EDC32B8|7.400000095367432
80A46D0CB8|4.710000038146973
8468D3261E|21.93000054359436
A7169F9F9B|15.050000190734863
A872247F08|35.40000009536743
B2FCFAD6F6|7.669999837875366
BC5C390378|0.8700000047683716
BEC37628EB|1.399999976158142
D1567B5749|3.3499999046325684
DA0174B8ED|7.019999980926514
DE4E7A1326|18.24999976158142
DFA186A895|4.650000095367432
E44947CBB6|4.419999897480011
E6FD361B50|4.239999771118164
FE9FA0C5D0|12.520000457763672
01DE0C310D|5.639999866485596
04C90967EF|6.800000190734863
0A5C34E0D3|29.55999994277954
16841FB8EF|2.5899999141693115
24F7FE127A|9.649999618530273
29E96DD844|2.6700000762939453
3AC6941890|38.23999935388565
3EEB66F4CC|2.3100000470876694
470E20205E|1.559999942779541
48B2C35A7F|37.7599983215332
5306737264|5.019999980926514
5A6F62216C|17.65999984741211
831265FD05|1.399999976158142
924008EEF1|1.5499999523162842
ABA1DEEF63|7.139999866485596
ABBDF6C007|37.37000107765198
CA1963F053|1.1799999475479126
CBD81D03B0|8.229999542236328
D8597EBE4F|27.84000015258789
EEACE641C2|8.819999814033508
06EA154B96|13.5600004196167
0D56CA1971|8.539999961853027
149F8F0543|26.19999885559082
1BE881487E|9.069999694824219
1F0734E4A9|0.7599999904632568
2B1B65DC56|11.100000381469727
37FB3E3859|6.28000020980835
49524DECD4|18.62000024318695
5DD10AD329|135.0799970626831
5F54E34031|4.460000038146973
72CDB0EDFA|9.209999978542328
7ABAA75D47|3.8499999046325684
7F901C5B80|5.940000057220459
903CD6FEBE|7.139999866485596
95FE1B295C|51.6000018119812
9DFEAD6BBA|2.3299999237060547
A20C416ADA|2.4200000762939453
D60A5AE98A|11.119999885559082
055976620E|7.729999780654907
0FEF644C40|2.680000066757202
1B4E05AA86|9.180000305175781
1F66C30B2A|20.700000286102295
2CA48EC79D|1.8899999856948853
308D816C3E|24.44999933242798
3CF59F3545|0.6299999952316284
4545B465C6|40.74000120162964
51251F82FB|4.110000133514404
54A6D1F87F|1.0199999809265137
7A989F2816|20.37000060081482
C56F1B6F43|12.119999885559082
F0CC3BF3E5|32.599998474121094
F77A2CB033|13.0600004196167
2F846E6B9E|14.25
54E015AC49|18.65999984741211
6FE1AF5B30|13.899999618530273
859790EE6C|37.10999929904938
861DCCB9EE|14.079999446868896
942FABCE61|5.630000114440918
9B2FD55342|2.640000104904175
A07F957688|16.079999446868896
B28CA21DCA|1.25
BBF225C6D0|16.630000114440918
C8FE303BD7|13.479999542236328
D0F3D83EE9|6.0
D81F12C06C|7.429999828338623
D8B71B1D1E|23.239999771118164
DDAF6CD056|9.390000343322754
DFAD303259|23.600000381469727
132C7C2CD6|3.009999990463257
4A8847F50D|1.1299999952316284
5C075A5B98|52.5600004196167
8C3EA6C668|12.899999618530273
8DA6164DA1|3.009999990463257
A036A4659C|6.489999771118164
B208D3A9D2|4.019999980926514
C410489A6E|13.87999963760376
DE9702089E|14.199999809265137
E13BE97D14|11.380000114440918
E985D4444C|53.280001640319824
168D6470D5|34.36000061035156
18AA0929A8|9.880000114440918
198D671256|9.609999656677246
1C12C0392F|6.059999942779541
315978A877|6.579999923706055
39B74CB543|5.880000114440918
44372DE291|13.690000295639038
46168B2C5F|13.279999732971191
67F17B84D3|2.5
6D59125FFC|1.4600000381469727
7879E07BF7|14.0
7F2FE22468|5.0
7F71380F74|34.41999959945679
86B3F169D4|14.260000228881836
880DE0644D|2.75
A808C572C9|1.649999976158142
ACACA0F2B1|2.069999933242798
CB2FEE0652|43.9399995803833
E6AB381A0B|8.199999809265137
E774F174F1|13.96999979019165
F6D3D15C17|71.49999988079071
00AABE705B|4.869999885559082
12020B0F12|19.44000005722046
2985B2C08E|8.119999885559082
2ADA518167|83.4399995803833
35CDBE3A90|65.10000133514404
3953AF53A9|60.32000160217285
558D36EE8A|8.479999542236328
60AD8ACC07|3.3299999237060547
71B0DF271B|8.329999923706055
75C89C1972|9.40999984741211
7C9EA7D644|20.910000324249268
8AAE6C89B8|14.079999923706055
8D25AD61AD|25.789999961853027
A4AC070DD4|16.280000686645508
A9A6E9A237|31.449999809265137
B16A2FAAAE|2.9800000190734863
CE186E7B31|4.639999866485596
E08F35A712|40.50000190734863
E216A402DD|8.369999885559082
EFB4DAE1B4|2.4100000858306885
F52CC16E4A|10.119999885559082
F8F47D08F0|5.940000057220459
FB27E45FD7|6.450000286102295
2500AC543F|7.679999828338623
3101F3D673|40.249998569488525
4940ADA69C|8.220000267028809
52E0ED2F07|25.62000036239624
78427C59DA|17.899999618530273
A625485E1F|18.119999408721924
A99BDFC262|6.0
BB692C6AC9|23.1200008392334
BC56567AA3|7.820000171661377
D31AED0242|14.470000267028809
EA3C2D31E8|14.559999942779541
F4E5445642|1.2999999523162842
FCA0114999|24.950000762939453
FF123E43E3|19.539999842643738
0817749722|9.399999618530273
137675D546|8.119999885559082
1CB550D604|5.440000057220459
34C3BBD112|45.74999809265137
3B67CD0AAC|7.519999980926514
49663250EA|34.11000061035156
60CEA11F74|6.75
6C463C38B4|8.1899995803833
7D02A9A2C8|31.850001096725464
91C9942D49|4.53000020980835
92C73F0F5B|3.2400001287460327
9CC456E6C1|9.829999923706055
AA1E3E3FBB|3.740000009536743
ACF71F3443|4.340000152587891
B28C31108B|1.440000057220459
BB5A1C29AE|41.119998931884766
C1012CD2B0|0.25999999046325684
CC15E8CA50|74.88000059127808
D081A695E5|27.25999927520752
D541375230|5.940000057220459
FC63375A0A|7.550000190734863
FCA0EE80CC|8.020000457763672
0BEC00EFBD|2.609999895095825
1048AD4061|33.85000038146973
16409EAE70|1.940000057220459
4B83EDB3EC|39.20000076293945
60CF760115|6.78000020980835
7F8A6DD7A0|9.3100004196167
8B4E30688F|34.599998474121094
8D60DCE9B6|121.60999798774719
94586F04AB|1.4199999570846558
9636526F20|1.809999942779541
B48CE81A26|16.980000257492065
BB6AEBBEE6|24.760000705718994
BDA8A54ED9|5.300000190734863
C20C638C5C|16.200000762939453
D016059E62|10.920000076293945
D307B28C2B|4.320000171661377
E3D177CBE2|49.349998474121094
E4A0366F2E|1.7000000476837158
E90D3D7A43|5.89000004529953
14EE0ABE62|14.0
2EF4BA4DA3|0.47999998927116394
42E4F52F8A|1.0700000524520874
4810BF8FD3|3.809999942779541
4E854FC4DD|3.9200000762939453
511129980D|8.449999809265137
6753D7E721|4.960000038146973
6C80250A49|16.44000005722046
7B9023375E|16.899999618530273
84316ADDE0|1.0
8B09D7C4DF|0.6299999952316284
956298E41A|11.979999542236328
BC083C7215|7.25
D7C5F248A2|4.989999771118164
DD0AC2A821|5.729999899864197
E5A022A1B1|17.639999389648438
EAD9D527C8|5.369999885559082
108D88B249|2.0399999618530273
2761C916BB|9.729999542236328
433014E4FB|41.54999876022339
46EE4207EC|25.09999930858612
4C57263F7C|4.489999771118164
4D1CB50F63|9.020000457763672
6D2A422B94|0.8999999761581421
728514C87E|2.060000002384186
7BF5DF6168|16.979999542236328
8874E7754D|1.7699999809265137
8ACD7C8AC9|6.579999923706055
8DC9265556|7.199999809265137
A01CDBE45A|10.479999542236328
AD51D6E0B4|2.7899999618530273
BC017F237F|1.340000033378601
D3C7A0E72A|10.390000104904175
D8DD9CA8CC|7.78000020980835
E7D4D66F3B|12.819999694824219
F80495F4D4|0.12999999523162842
0DECCE7B57|129.8300004005432
1397048EC2|4.199999809265137
20F712C7C4|5.9400001764297485
2B5805890C|37.96000111103058
3636279FEF|111.24999976158142
517B97F4BB|8.039999961853027
853791A5A2|5.639999866485596
975D0C1318|4.420000076293945
9EE9DEDF44|2.299999952316284
A440D8D81D|7.070000171661377
A4FC578056|7.539999961853027
A784B935AF|8.130000114440918
CFECA15EA5|10.469999521970749
D99FE04D16|16.81999969482422
DAB41AB68C|5.21999979019165
F38FE5D7AE|7.260000228881836
FC9541B86B|24.09999990463257
065FDDD5DF|181.58999922685325
089257D987|13.050000190734863
0FCA3E21B0|20.690000534057617
236BD069C7|0.15000000596046448
37166642BD|2.950000047683716
3C882EEB8F|0.8199999928474426
43770403B1|33.7599983215332
5321B0D2A6|5.71999979019165
58F983F3D7|39.839999079704285
68089D1A55|0.21000000089406967
6D88C63DF5|21.15000057220459
77676683D0|30.06999897956848
8E9E37801F|4.039999961853027
97D79DBAE5|7.920000076293945
9955DFB38E|1.5099999904632568
9B9B7472F9|24.540000915527344
ACC200A494|2.5199999809265137
B7D6DF3FD9|1.190000057220459
D1B122E983|8.949999809265137
D5DCDA951A|4.340000152587891
D97C201F0A|2.990000009536743
DF48ECDE34|19.949999809265137
F4CE6547DD|12.779999732971191
011269D8BA|2.0999999046325684
046391F021|14.720000267028809
0AB528C0A8|8.1899995803833
20F382EA62|10.779999911785126
2EC2D3F87D|24.119999885559082
30C55E0A92|9.199999809265137
32C9F1B3BB|21.380000352859497
369C115669|7.539999961853027
41C10BA720|14.769999980926514
61D0937753|8.25
64D51814C7|4.429999828338623
7A6BA58474|4.679999828338623
905C07507E|2.5999999046325684
92ADDC8571|1.75
936FA88367|9.350000381469727
958F971615|38.80000114440918
97DA958BF9|4.820000171661377
B0FDA048B0|5.699999809265137
B46E0B2353|13.679999828338623
BFA77E09F3|2.3399999141693115
EC3EE8B1CB|13.619999885559082
ECC76AC934|17.020000457763672
EFD3AC9796|19.55999994277954
1B4AF061D9|60.48999786376953
23D072E5CC|7.659999847412109
26A1F85194|6.639999866485596
2B5BAAD30A|6.809999942779541
382D7024D0|24.920000553131104
4054AD70A6|2.9000000953674316
4294B81310|6.690000057220459
45D3BBBF31|0.5600000023841858
60A50C0CF1|3.4200000762939453
74146C5A66|0.20999999344348907
74DAC9938C|8.329999923706055
80986F0C80|2.1700000762939453
9B45C33BCD|0.25
B1A85A96FB|5.96999979019165
DA1B2E890C|116.61999893188477
E334656195|7.360000133514404
EFB709095B|2.059999942779541
F04CC50A26|19.65999984741211
03E937B220|9.890000343322754
100343377C|27.540000915527344
10F27D35D4|10.359999656677246
144155A9A5|6.449999809265137
157CD024EA|6.5
260E7476E9|15.350000381469727
28B6CD69F3|14.819999694824219
3640835001|8.599999904632568
3D99CAF117|4.46999979019165
44F4D53F81|17.84000015258789
46C662CDC1|7.610000133514404
86C39CB0B5|15.239999860525131
9914A46030|20.30999994277954
A3183C946F|15.40999984741211
B9D807DEF6|6.960000038146973
C102C9A70C|8.720000267028809
CDD92B5ED7|7.830000400543213
D584F91C37|7.21999979019165
D5B8F2E5F6|6.670000076293945
EB71C52DA1|21.419999599456787
F06E46EBB0|9.640000343322754
F3B09F065E|4.840000152587891
FB889867F5|33.609999656677246
027A0B792F|19.5
103DEE244B|9.260000228881836
1E68B6E2DE|4.900000095367432
273A086B3D|4.300000190734863
45F59AF74C|3.5
4BF4B61F9D|8.779999732971191
54DCE847BB|19.40999937057495
6341E130D8|7.039999961853027
6E4D0ED049|18.84000015258789
7BD50D34A6|18.75
80CB1F4F20|3.890000104904175
8C613A3DB5|45.3199987411499
8CC398F22F|9.49999988079071
958BCF4FEB|6.630000114440918
972E1843B1|3.3399999141693115
996D4F8C60|8.479999542236328
A9C2A9CFE1|4.769999951124191
B417057582|65.0
B701D19B0C|8.959999799728394
BB9B5609EA|12.220000267028809
D01D875200|11.190000057220459
D2423E7204|8.970000267028809
DAD9E3C66E|8.789999961853027
F688E7DBB8|14.699999809265137
210FC4D812|49.439998626708984
278A6D28E7|7.559999942779541
2FC8AB2927|75.11000061035156
35839CE3AB|5.880000114440918
50261AFA2E|6.940000057220459
50BB2AEA35|10.82999986410141
57254AC87E|16.800000429153442
5C0F9BB746|0.6800000071525574
5E311C86FC|0.10000000149011612
75D6E4EC4B|15.09000015258789
77ABCAE7F7|7.690000057220459
8B32A36F72|20.210000038146973
904BC04FFC|3.130000114440918
972B54D285|1.3600000143051147
9B14938BDF|29.189998626708984
A03F9191BF|8.399999618530273
A8D2D3732C|7.599999904632568
CBDAF4A585|3.259999990463257
E3653DA135|40.910000801086426
E6769C60B5|7.820000171661377
0C709C7081|12.840000629425049
17BD3CA10F|3.6500000953674316
1D47D74B72|5.28000020980835
2E2D8DC300|7.289999961853027
429C11E2D2|37.6700005531311
44D134CB5F|15.950000286102295
5496ECF293|49.47999954223633
5B880F34C6|2.240000009536743
5EE85C9B1D|2.930000066757202
718E57C179|2.140000104904175
7E1917CCBD|9.480000019073486
852571EDFE|6.96999979019165
9502A69A30|37.169998466968536
AC7329868A|2.180000066757202
B760686F92|2.4600000381469727
B84270CFD0|2.730000078678131
BD0714F98E|39.40000033378601
C111CE4A54|32.84000015258789
C715AAEEB1|3.869999885559082
C944F6487A|14.619999885559082
C9C505BBDA|16.65999984741211
CABED1C109|49.36999845504761
07C859FA16|0.7599999904632568
10D80D991E|19.119999647140503
1540F37CE7|8.799999713897705
53639EBFA2|4.829999923706055
58692FC3AC|24.40999984741211
5B55C51925|12.300000190734863
71F64755F3|22.81999969482422
82E43F28B8|8.300000190734863
96256745B1|10.039999961853027
A00B04EEC4|45.10000228881836
A32E2DDA3B|10.800000429153442
A34630B971|0.11999999731779099
CC604BDD6A|26.179999589920044
D0C94C1297|7.039999961853027
E04745D741|9.470000267028809
E89D830357|1.1200000047683716
EAA4658428|1.7999999523162842
EFB8AA69BD|21.690000772476196
F6E51C0FAB|8.4399995803833
FC555BD0BC|19.09000015258789
0620657DAF|7.699999809265137
3700999B35|26.67000102996826
3ACC4D6819|24.940000385046005
3B8341A700|0.15000000596046448
59E4963162|13.229999661445618
59ED1BEFB9|20.719999313354492
6831372E78|34.880001068115234
74FD322B22|124.09999871253967
77C137BDE1|6.199999809265137
78A1409DAE|4.769999980926514
874FC6B7FF|5.539999961853027
8762F0E05F|7.320000171661377
91C6D4E02F|7.849999904632568
99F929A06C|13.470000147819519
9B89C897C6|12.21000051498413
9CEBB5425C|18.839999675750732
C3E653B2C2|6.389999866485596
C7709BC04E|3.559999942779541
D538B0C977|3.9100000858306885
DC16D99127|19.540000915527344
F0F6C6DF48|4.260000228881836
F2ED5BB748|2.369999885559082
1BEE5D5CDE|9.40999984741211
25DEDC50A2|5.860000133514404
2F9D64E177|12.480000019073486
34E33BF232|8.90999984741211
433A08532C|20.28000032901764
4DFA8AE760|0.15000000596046448
5647AB6583|2.9000000953674316
58E3A32671|15.84000015258789
5A0E670AB6|5.980000019073486
5D2F99EDBF|5.809999942779541
71EE20BEA0|15.24999988079071
74235AD6B3|9.519999891519547
9AA7A0E02C|4.78000020980835
9BADCB8E30|2.880000114440918
9FAF8AD565|12.849999904632568
A322660D45|3.4000000953674316
A80888CA7B|5.300000190734863
A8370B80DE|4.980000019073486
A86E211B01|4.440000057220459
B1B7C1A7AB|13.479999542236328
B81493E5B2|13.320000171661377
BEC68AF4C5|6.0099999606609344
C8D3255CDA|4.579999923706055
CAC11C6879|7.570000171661377
D27E955E66|18.94000005722046
D613D4D4A2|3.119999885559082
D90654672C|8.619999885559082
DACE716707|5.010000228881836
DF5FDB0524|120.69000083208084
E5AE52404B|6.28000020980835
EF780B1682|5.21999979019165
FD988004B3|7.079999923706055
0887238AD3|5.699999809265137
0ABA570FEA|22.450000166893005
11396CBE18|21.5
14AB945F4F|13.680000305175781
1F5297B635|25.399999618530273
21B5592365|24.960000336170197
2DA007158B|153.0
3C86110E83|115.47999668121338
42BBD07EB9|15.619999885559082
4A869326F7|5.409999847412109
4C8C2B3667|25.639999389648438
648FF648BD|2.5199999809265137
803B40837E|12.470000147819519
81D0F91083|7.119999885559082
8C7A654C97|10.260000377893448
9F2481D1B2|9.110000133514404
A02C59AFAD|38.0
A937D9B685|1.8300000429153442
B9DBE2CB67|6.289999961853027
BC25FD17EC|4.849999904632568
BCD5093286|7.96999979019165
C5BD355F7D|6.769999980926514
CD480CCB1A|2.4200000762939453
CF66121EAD|0.4300000071525574
D9FD8AC3D7|36.10000038146973
DF63B37A21|3.7100000381469727
F814C4EC87|8.329999923706055
FD95B10FC9|139.9000015258789
074E794F26|0.9800000190734863
12ED526E2D|4.090000152587891
22B35E5D9F|4.130000114440918
26769FF977|10.680000305175781
277EC164D8|0.019999999552965164
2B1477D851|4.729999989271164
2BB8CB00A9|7.230000019073486
2D70294F62|9.520000219345093
37480650DA|5.140000104904175
3A46DA994E|2.690000057220459
558307D0CE|29.80999994277954
5B229AA123|29.190000161528587
71D83462D3|7.78999980725348
83C5D22BE9|24.40000057220459
9B45EEBF5A|13.799999713897705
9F51C02ABC|7.579999923706055
B17AF11DF9|15.309999793767929
B899A768F4|9.420000076293945
F51612430D|3.819999933242798
F521F7B406|4.840000152587891
02715EFBC3|5.039999961853027
08966799FF|5.690000057220459
0E5B709A87|0.36000001430511475
18F4DDBC17|8.720000267028809
22E3008FC8|0.8700000047683716
3A5BA525F3|8.569999694824219
4306A48D69|6.79999977350235
506C4E7F77|1.899999976158142
5238215E8E|32.65999960899353
562D94C765|3.9200000762939453
832DB25475|1.7400000095367432
A3437CAD1F|83.80000114440918
B240C0CF3A|2.930000066757202
C71F594A82|6.380000114440918
CE803664E6|8.989999771118164
CE81A1CC27|10.149999856948853
E54B6AAA64|5.269999980926514
EB1C9BCEE5|5.119999885559082
046D34F871|3.4800000190734863
1B0F05798E|4.659999847412109
20106D191C|9.720000267028809
291F8E5F93|11.269999861717224
35D1306B73|3.930000066757202
43B845B9AF|3.630000114440918
48054423DC|6.03000020980835
5CF8F86FB3|46.340000212192535
5CFA49F0F3|12.259999990463257
6FDEE64BBE|9.580000162124634
7354F90CCC|8.260000228881836
761D0EA4D5|9.869999885559082
9F83E8CE4D|3.680000066757202
B96362FFED|5.659999847412109
BA4373A3EB|11.27999997138977
BFD2539600|39.700000286102295
CBD6C0AF40|15.0600004196167
D19BFEABE1|0.7400000095367432
1EDC432A0A|5.960000038146973
22738F3C96|12.150000095367432
2DB5044EA0|8.529999732971191
2E7D6FD6EF|58.380000948905945
3558901D3D|8.319999694824219
4CEF9EF08C|4.78000020980835
5DB9339800|9.170000076293945
70D9FAACB1|9.710000038146973
813285A9AF|3.130000114440918
89934EFC82|22.830000400543213
CB1F33556F|13.989999771118164
CEA9BE3098|20.19000005722046
E2257CCC68|1.9500000476837158
F02EAD23EB|1.0099999904632568
0118530660|19.799999237060547
016BDD4D26|116.10999870300293
043D6C7B35|21.390000343322754
0A03664A92|0.8899999856948853
19F1C856C7|21.309999704360962
20B453ADA8|8.220000267028809
21AAE3A92C|1.2599999606609344
49DCC1E486|6.039999961853027
566DC6D0AB|25.58000087738037
5E5AB8CD23|61.27000188827515
6B7417EBE4|27.320000171661377
85163DB20E|6.8999998569488525
8D0FADCA99|12.399999618530273
9C635BFC74|25.18000030517578
A4D176208E|2.9800000190734863
AD7D676A79|74.29999828338623
BAF8612D1C|29.459999322891235
CC515B1AC8|0.550000011920929
DF68F053B1|2.2100000381469727
E22EDCF1AA|3.7200000286102295
EBF5A6C114|84.16000080108643
FC99F4BE3D|26.55000114440918
FE8D03509B|5.769999980926514
FF530D1989|0.18000000715255737
1E274986B5|54.8699996471405
231007D033|14.220000267028809
27580F0A2F|8.470000267028809
4909F5D336|9.750000238418579
5433D0C6C8|8.75
6B407849C9|7.0
704609D312|14.429999828338623
7822B4F667|0.6100000143051147
84A5206496|1.2899999618530273
862435A533|17.230000019073486
871552E86D|16.859999656677246
9204AD4B92|2.819999933242798
92D772B0F9|7.4700000286102295
98BFA884BC|0.20000000298023224
D3AA136349|1.2999999821186066
EE99A3E91B|51.28000068664551
F42BBED4B9|9.279999732971191
0037ECD422|3.450000047683716
34C5EC1A97|5.590000152587891
35B0924E1B|28.109999656677246
4EFE5370C1|1.3200000524520874
7F5E9D0015|8.5
81A9E9A136|9.699999690055847
93D8117836|13.420000076293945
94CFB90E2E|9.5
A1AFBBC407|6.710000038146973
B3556F07F7|5.690000057220459
BF412C17EE|1.909999966621399
BF57FCD453|3.6699999570846558
C34642CECF|9.0600004196167
C3BF442493|8.809999942779541
C7A5301391|40.250000953674316
C898762D1E|7.1000001430511475
DAF2EE9837|36.88000011444092
DCDEB333E5|44.720001220703125
E050F1FD9C|2.869999885559082
E5F649CEDE|5.149999976158142
F02446211F|6.920000076293945
07F2D415F7|14.920000076293945
23123B16F7|0.49000000953674316
28D9796241|25.0099995136261
355384B676|1.7099999785423279
489DB27584|2.299999952316284
5776AA6BBC|0.3700000047683716
57C8212A75|0.03999999910593033
754AE09833|7.099999904632568
7942D183FF|10.5600004196167
99AD28B6F6|9.36000007390976
9DA2265A75|6.809999942779541
A47B4C4B54|7.519999980926514
A542EBEE04|7.800000190734863
A5B1940CD2|5.789999961853027
A5E0946B7D|45.48999971151352
A921E2EB6E|28.920000076293945
A9F56D27C3|5.3999998569488525
B6883F35AC|11.519999742507935
C1AF05682E|9.079999923706055
C39BE03276|6.370000123977661
C58BD637ED|27.040000915527344
C640C6E65D|5.0
E5407D1B80|7.769999980926514
FC60FF1443|8.40999984741211
23274E1B82|6.849999904632568
24509D517D|16.979999542236328
251D0D6CFC|13.71000051498413
25C0350E0A|6.190000057220459
37DE8AA7F2|6.190000057220459
3DB796077B|59.58000183105469
4018ED915B|0.8500000238418579
448A17BA7D|8.979999780654907
560AD3C7B9|9.5
58A03121F8|8.920000076293945
5B016B78E3|7.550000190734863
62C2831927|34.13000112771988
65F8214FF6|10.800000190734863
6F23F592A8|16.25000023841858
8A0F8BEF4B|15.280000269412994
952BA8CD5D|36.66999959945679
9874D97949|21.84000062942505
B0E604A9B4|7.819999933242798
B7B78B8D6B|4.440000057220459
CE1C4104B0|2.9000000953674316
CE9B1E8ECF|2.6700000762939453
DA2AEFA843|9.960000038146973
F26A4DDE25|3.619999885559082
F61EF65B70|8.989999771118164
039690A03D|8.75
22C0E9AC5A|2.119999885559082
2BB583D43C|5.849999904632568
37D73A1E0B|39.59999895095825
460626186B|1.0099999904632568
53AF843C56|12.579999923706055
57CB283A0E|3.8200000524520874
78F416FA29|11.809999942779541
7A71C7D088|11.140000343322754
7EA9DE3EF6|2.0899999141693115
81728189EB|19.97000002861023
8643768E49|14.83000022917986
ACC2E0C8C0|21.069999933242798
B4424A22AF|30.97999981045723
B94CD28E0F|8.899999618530273
C03DD923F0|8.710000038146973
C6A0146EF3|7.599999904632568
CB55E382CA|2.9100000858306885
E15F8E90EE|3.319999933242798
04D5D5AA8F|16.18000030517578
106F033F8B|2.590000033378601
162C0B03A0|3.490000009536743
1830A00CDF|0.15000000596046448
3B66BC6CC8|3.7100000381469727
3BC40075F4|1.3600000143051147
65C5783449|1.0700000524520874
76B67C00F1|8.5
9C733DF802|10.84000015258789
A556D9C36E|2.740000009536743
B6437BB60B|6.96999979019165
C89B1D6820|6.070000171661377
CAC89CFCBD|2.4600000381469727
D6E12D7D99|199.78000083565712
D73484B0FD|9.390000343322754
F75396206B|2.490000009536743
F99B5DAFD4|1.1799999475479126
063A0E86E2|18.450000286102295
0FB4A6148E|7.029999852180481
12E76873F3|10.619999885559082
4240A51BF6|9.6899995803833
47A381D736|16.579999923706055
5585F0F461|5.300000190734863
55E3041F42|24.83000048995018
5AC5D9426E|16.600000381469727
5C4622F6C5|5.199999809265137
61A201A0E1|1.899999976158142
6B14078D1F|3.8400000780820847
6EB7502BA9|24.030000686645508
7241A015F3|19.15999984741211
8EE2489C11|5.079999923706055
A65473D117|19.419999837875366
B16B17B499|3.319999933242798
0A530CBFB9|29.09000015258789
1278170E24|0.7400000095367432
1670F95EBA|4.090000152587891
2E2CB8DB63|4.429999828338623
328FFA07B9|8.59000015258789
5406C221A3|2.700000047683716
76A311AF0C|38.170000076293945
82AB4BCB4C|0.7599999904632568
86021D26DE|8.529999732971191
881920F175|5.329999923706055
8E2869A990|22.12999987602234
9D85A46B18|5.119999885559082
B6E978B096|15.34000015258789
B7E4025D63|13.429999828338623
BD87440CBD|7.21999979019165
CCF7E8D251|60.35000044107437
CD9FED446C|4.489999771118164
0D33E4387B|8.429999828338623
2FF9D88706|8.90999984741211
32A2D6C876|9.1899995803833
4730CA66D4|11.319999694824219
52C1352E31|10.499999642372131
59D72E5AE0|7.890000343322754
63DE297D42|7.550000190734863
6DEA0CA3E2|1.940000057220459
725B93F7D0|20.230000019073486
94CAB229F9|5.96999979019165
A1B7F58A11|9.720000267028809
B122DD9955|6.389999866485596
C81E823056|17.830000400543213
D3C81152C1|13.970000267028809
D9CBCADBB3|10.730000415816903
D9ED308128|40.08000087738037
DD03943E01|9.079999923706055
EC7D994B70|6.329999685287476
EEAEE21F90|6.050000190734863
F88D1F56A0|1.809999942779541
FFE9C339A2|20.62999963760376
FFEADCC842|5.809999942779541
034FDD2E73|2.049999952316284
1A9F1BF013|4.110000133514404
23F5E5B081|21.8799991607666
263DE945F4|30.360000610351562
37D3C82815|6.699999809265137
46FB29DD28|1.4299999475479126
508F838F0E|57.26000213623047
58CDAE79D9|1.5499999523162842
5D88A80255|7.110000133514404
70FB5F6D3D|17.15999984741211
9AD484AE18|13.929999828338623
A0199B42C1|3.2699999809265137
A440DE44D0|0.6700000166893005
B3EC6E7BAB|6.599999904632568
B6A660CAF0|12.550000429153442
B80E5DA557|0.7699999809265137
BC5216BCB2|0.4000000059604645
C46DF31E9A|1.6199999749660492
D0C3C475F2|11.880000352859497
DA3B1FA635|0.30000001192092896
DA75A8291A|21.399999856948853
DDFEE6680C|9.479999542236328
E893D3F1BE|6.800000190734863
147CD92D1E|12.890000104904175
1FE8442D06|5.639999866485596
22A8A9DA76|9.920000076293945
2DB949B4FB|17.799999237060547
2E8A7418F4|7.800000190734863
2F545F5A2B|2.5
32D18A1BAE|11.40999960899353
4650DDDA7D|70.9499979019165
55A0DBFC73|68.89000034332275
55E8EF2D09|12.06000006198883
60E5D0BA27|5.989999771118164
6E631345A5|6.900000095367432
7706BF3351|14.65000033378601
8211B1F98D|9.0600004196167
9ED4FE8EFA|36.10999894142151
A013DB5CB4|10.979999542236328
B244F974BD|19.799999713897705
C67D3E43D7|9.119999885559082
CC2CEFEDBB|6.140000104904175
CE2E44CAE7|3.2499998807907104
D843B70C95|22.399999618530273
E1432C50A4|29.069998741149902
F9464CE8C6|22.320000410079956
02FB0853D4|68.3900032043457
09058B85ED|15.84000015258789
226F1FA5C6|59.44999945163727
40CD329139|14.079999923706055
439F4DFE70|12.300000429153442
481C64D14F|7.079999923706055
6244567802|87.01999855041504
62AA5F8A66|1.4900000095367432
6E71D8ADBB|14.829999804496765
6F869A126B|18.31999969482422
75FB4779BE|7.090000152587891
7FE86F7E90|9.960000038146973
83B79BD602|10.369999885559082
9598BD40E1|3.119999885559082
A17D0FA879|9.760000169277191
A2B7EE028E|6.050000190734863
B1AB222D8E|5.340000152587891
BA996988E9|2.0999999046325684
C24A341F97|5.590000152587891
E31E0AF84F|5.959999859333038
2ABEBE4DB3|9.65999984741211
2E6E3DDF2B|15.96000051498413
3CDE5407FD|3.890000104904175
43F984E81D|15.030000686645508
4B5E6AD7EA|7.96999979019165
78047B442A|5.53000020980835
818F600EE2|5.46999979019165
9B612FE61E|19.639999389648438
C8C994D54A|8.4399995803833
CD514CD4EE|6.699999809265137
E25A7821CA|0.5199999809265137
F1A4BE9F12|34.94999980926514
F3BEE5C733|4.329999923706055
F6E6B9B4AF|2.190000057220459
FB717A7F73|15.699999809265137
10723379CF|12.929999828338623
11BA6F3D36|5.489999771118164
21C34A75E9|18.959999084472656
2656D94869|20.019999980926514
4C0D6724DA|6.579999923706055
50EDD84023|16.520000457763672
534FF3A533|0.35999999195337296
54B94455B0|21.179999828338623
5AF77D302B|72.81000137329102
5C59638BF8|6.230000019073486
73BBFD9162|1.2899999618530273
7A8941155C|5.760000228881836
7DCAC79A7D|5.769999980926514
B90AE75D25|5.820000171661377
BAF0D023D4|19.100000381469727
BB8483A0AA|4.940000057220459
BCF3569253|9.850000381469727
C163B56D83|1.2300000190734863
D95BF59264|8.140000343322754
E17CFEC33E|1.9700000286102295
E45C7F25D6|3.559999942779541
F541BDEA6B|7.3000001311302185
F9A3087E38|8.739999771118164
0BA428D39D|7.460000276565552
115B1D5B30|14.37999951839447
17BF23C4E4|10.960000276565552
2AECB1E9E4|16.03999972343445
3F169748C2|8.010000228881836
4084512935|4.96999979019165
5A6CC3C2C0|2.450000047683716
5B72E426F3|8.599999904632568
725F89628F|8.739999771118164
7BBA17719D|1.2599999606609344
7CEE476B80|36.34000110626221
9264E88E69|18.80000066757202
93ED582A64|22.169999599456787
9677CE6B8D|75.83000093698502
A322D232FD|7.630000114440918
A900812440|37.97999954223633
BCB55BB51F|7.889999866485596
C525B485FD|17.94000005722046
CE60C36FB5|51.089999079704285
E19F6BBAFB|0.9700000286102295
EEBFBCED13|2.4800000190734863
F152C7C5D9|7.010000228881836
25A3A3E78E|5.599999904632568
3966610B87|5.009999871253967
43A4205EFD|25.5
4BA78853DC|4.190000057220459
4D3A91756B|0.9599999785423279
4D739A7B71|16.81999969482422
52FED0807C|3.0999999046325684
5542D91104|9.34000015258789
5E6D3AB785|10.760000228881836
6D26AA5E0F|5.050000190734863
6FD856ADAE|5.039999961853027
7CAEDB7F4C|10.619999885559082
7D497FE0E2|11.339999914169312
A3F618EE5A|2.5899999141693115
B2DC9FDCCD|3.299999952316284
B5A6B9921E|33.30000066757202
CF14EB6CCD|2.0999999046325684
EF9393D154|0.949999988079071
F54EEA6889|7.900000095367432
F9B261A56D|10.819999694824219
0B97FCDCC6|5.559999942779541
3757789AF7|3.490000009536743
3CD42BDD53|65.6100025177002
50CB556D7A|9.609999656677246
5E68FF1C11|5.739999771118164
600F51ECFD|15.880000114440918
827158B2DA|31.019999265670776
897C9BD080|23.450000286102295
89A28EBDF3|9.09000015258789
B7DAA2655B|67.89999866485596
C02C642FCB|1.4700000286102295
DC15089EC4|12.089999914169312
E174ECE7B0|7.320000171661377
E411C77143|4.920000076293945
E7248ED4A7|4.480000019073486
EE8B8EB5A9|105.24000263214111
04C1716DBF|97.13999915122986
08CE500F3F|3.8299999237060547
19F9EDBF5B|36.960000455379486
2F641DA5BB|116.3999947309494
40F8E8D3C3|40.739999771118164
4556280FC4|20.239999651908875
47E03FB9F0|5.039999961853027
986AB9A839|11.199999809265137
98ABB4C829|5.489999771118164
98FBCAF403|48.2599983215332
B85E0D3429|8.529999732971191
D3970E575B|6.179999828338623
E8D41A366E|20.300000548362732
EB0B3BA3FC|0.75
F304B454BA|12.849999785423279
F649872559|9.72000002861023
F9074C8C58|24.78000032901764
FAE9A00964|2.7899999618530273
109F814A5D|8.390000343322754
1301863FF8|14.779999732971191
1D9F83BC1F|7.519999980926514
2697B8FF69|15.279999732971191
3145E45DC6|5.809999942779541
3FD4010012|8.899999618530273
582BAD9B50|22.359999656677246
62E65CEC83|24.729999542236328
73DE22F35E|4.860000014305115
7FD09F600B|129.7699978351593
944C1DA07F|3.9200000762939453
96901189FC|9.300000190734863
A40249C978|4.480000019073486
AAAFD29337|7.449999809265137
C5C7AAE82A|2.9100000858306885
DBEEF05720|8.239999771118164
DC60CEBAD6|3.380000114440918
E1D1465F39|9.039999961853027
F30A87E5A9|9.650000095367432
F529DC39C4|7.569999933242798
FF3A777BE3|18.420000076293945
01CAD16569|2.8299999237060547
07542EF4FA|1.4600000381469727
08BBB3D946|15.21000051498413
0D1AEE80BD|9.899999544024467
2FFFA813EC|21.46999979019165
33560D38B5|7.799999713897705
355C246CD8|14.560000166296959
504B71B08A|5.190000057220459
60D3B4FD8E|8.5600004196167
6F0BF9BCE2|13.470000267028809
7E78F63F74|26.559999465942383
80E2DF082D|0.6100000143051147
826A52A29D|3.5399999618530273
9177D23B25|0.38999998569488525
9E36E6FE34|9.210000038146973
A677C21F17|10.900000095367432
AA22BE7301|13.960000038146973
AD809F8456|13.080000400543213
B47B0C1460|12.380000114440918
EE25E252CA|48.820000886917114
F28DD6E80A|12.069999933242798
FFC59F04DD|2.2200000286102295
00F47D4415|11.940000057220459
0CD8F91B94|0.550000011920929
1EDE63ED19|2.059999942779541
2DD59821D4|7.849999904632568
38EB81109C|14.71999979019165
52B2FD7E0E|2.569999933242798
52E472DEC5|7.820000171661377
6CAFAE4527|10.199999809265137
86FA201A56|13.059999734163284
AC4FFEC83E|4.980000019073486
BB7C4B2F26|1.4500000476837158
C1D8C37931|0.4000000059604645
C244505B38|2.4200000762939453
C8DB525ED4|5.369999885559082
E3556D7A94|13.119999885559082
E7AB15C59A|13.830000400543213
ED8C8BF4E8|8.760000228881836
F8BA130741|22.070000171661377
F9243012DB|26.250000953674316
FE27F540CE|3.299999952316284
05CC0D9A6D|28.950000166893005
0BEC073CB9|4.309999942779541
1356191EBC|3.3399999141693115
14C7124744|0.1599999964237213
16D64BC821|0.36000001430511475
2831AAE52E|0.6100000143051147
28FA0705D3|5.300000190734863
30A7E7DC4E|7.3500001430511475
35CC9EA18C|0.25
38A907528F|14.199999809265137
4AC4E73A22|19.399999618530273
4CF1939010|10.520000457763672
5471487FDC|1.4600000381469727
5B115F2010|24.30000114440918
6A1665A3D1|2.299999952316284
6E8CE97A5B|8.360000133514404
74397AB130|33.68000030517578
7B62478EFA|5.329999923706055
80E23867E0|9.720000460743904
8F7AF207DF|2.259999990463257
95B1DBA218|11.739999771118164
B82710B19F|8.720000267028809
B95F1A9CBB|6.900000095367432
C31F72C177|6.639999866485596
CFB7C2C813|37.65000104904175
D697815AF1|2.509999990463257
D90A1C2442|9.319999694824219
F11687EF15|10.769999980926514
196234C9CB|16.34000015258789
1F67F56F80|91.73999738693237
590BF3C7B5|0.5799999833106995
59C93561A3|3.619999885559082
5A12E62FD2|3.640000104904175
5C4E190F5B|32.30000042915344
5EF972A9E0|21.270000457763672
762F91D10B|1.0099999904632568
76FA933EB6|20.90999984741211
77D2EBC496|2.0
8CC2562A2B|8.020000457763672
8DE0622CFC|17.62999987602234
A8D650BF98|6.900000095367432
BD603F939E|8.670000076293945
E43C0E24EE|13.039999961853027
03F34FFFFE|9.84000015258789
0D6CD8522B|18.399999618530273
0EAD3F510A|6.090000152587891
148B2EE11A|16.849999830126762
2906EF67EF|17.880000114440918
42599500A9|1.8799999952316284
532516DD02|3.2300000190734863
618C6EBC10|6.2799999713897705
673F364F18|11.200000166893005
71C928F909|20.40000057220459
864BB8D8F3|8.239999771118164
88784BD591|9.460000038146973
8BB54A50A8|8.410000205039978
952C205850|4.769999980926514
9FCDFCF4EF|2.3299999237060547
AAA88AC4DA|35.999999046325684
D3E7F9CDA8|5.610000133514404
FE8EA8AFF6|6.239999771118164
01B20FE60F|21.569999933242798
112FA17DC8|3.390000104904175
13A0369224|7.619999885559082
194D7D7548|1.350000023841858
27C784968B|4.139999866485596
5FEB1E1BAA|0.07999999821186066
786CD0BA54|9.300000190734863
7C81AAFFA2|9.069999694824219
7D6860DE5A|10.420000076293945
80685E077E|2.259999990463257
81709DE3F5|3.869999885559082
91E33A0E02|7.21999979019165
95B8016B55|30.479999542236328
9F534D9F40|37.36000061035156
A702060D5D|8.619999885559082
AA66D42483|39.959999084472656
B233F2ADC5|10.359999656677246
C057AA32AF|2.7000001072883606
C2C607FC6D|2.6200000047683716
C95A26F611|26.160000801086426
D249F417E9|10.140000343322754
FF2FFC2898|3.679999940097332
0143019C7E|8.390000343322754
0FABD11E7F|18.94000017642975
203440CED2|19.109999895095825
370D33FCFF|6.71999979019165
4ADE260060|11.520000457763672
63C51C18DE|3.9100000858306885
706930BDFD|7.760000228881836
7F4387A93D|3.6600000858306885
9440063DC8|53.25
9F37D156D4|9.479999542236328
B1CFD8D680|20.2600000500679
B935B26A8A|9.3100004196167
BD1EB90069|7.78000020980835
E4C8AA7912|27.440000534057617
EB3906F49D|1.3799999952316284
08FFF949BE|4.300000190734863
1585E8DB00|1.3700000047683716
177A74C0FB|13.279999732971191
19B9EA9A45|16.28999960422516
32BAEBE151|1.3300000429153442
3F817B159B|1.25
51548007B3|28.169999599456787
57F65F584C|9.760000228881836
6CB7F06F8B|6.659999847412109
83A86072CE|3.7200000286102295
921FFC6FC2|0.7099999785423279
98ED1D1A5E|4.639999866485596
C68101CB7E|3.25
CE937849DA|19.679999351501465
DAD7F77528|8.940000057220459
EFA9E71132|39.08000183105469
FCC4635C1D|10.079999923706055
FE4633E8AB|0.47999998927116394
FFB9374C3F|1.1200000047683716
1254C1EBBD|4.849999904632568
250ADD9CCB|17.899999618530273
3300F147C8|3.2899999618530273
3E17760066|9.449999809265137
45B93EFF36|3.109999895095825
4D2902A242|12.640000343322754
51A39A61A2|11.509999752044678
55D13D9CA0|2.2699999809265137
6702CFEEC3|3.8399999141693115
69986DAC70|27.200000286102295
69D07A707A|23.579999424517155
813E4F63C7|3.0999999046325684
879469B51B|4.799999892711639
8F94F563F4|8.720000267028809
92D92A5025|2.75
9A39B408FA|5.649999976158142
AAC017512F|41.81000065803528
B2A245C547|21.980000495910645
C6953FC1C5|49.41000139713287
C9436458D8|11.720000267028809
DA131E2A1C|1.7000000476837158
DADA8F21F1|24.32999897003174
DF5532C67B|5.059999942779541
E227E91DD0|2.319999933242798
E513ADF15F|19.299999237060547
F59B8BE79B|8.890000343322754
F9FFF5202B|3.809999942779541
0CBBBF07D3|1.409999966621399
143FAC33D5|4.760000228881836
16C5FC18F7|0.14000000059604645
474026C1B4|32.19999933242798
59E1D46C66|3.440000057220459
5F16365447|24.990000128746033
63D7EFD594|16.90000009536743
8469E2033A|13.180000305175781
8A021495A9|9.1899995803833
9ED70991D9|18.399999618530273
AC9C5A44A2|18.09000015258789
BC8DA42CD1|14.140000343322754
BD1584275A|9.110000133514404
C70E0B8A2E|15.319999694824219
EB0D161567|34.439998626708984
F148225C21|19.14000028371811
F389C2A529|7.139999866485596
F4F9BA8615|6.429999828338623
0B86C265DC|13.920000076293945
1B5BD03656|74.65000200271606
2355900BB7|3.9600000381469727
476CB731F4|11.760000228881836
51C55F8D2F|9.420000076293945
545EC1653D|0.9800000190734863
596319D349|5.130000114440918
5F7F3B5077|10.300000190734863
62CFD7B4DF|96.94999754428864
7DA967FD0C|4.519999980926514
82A0256798|10.65999984741211
90DA05E78E|43.859999656677246
96F29CDC4E|21.460000038146973
9A1824E19B|6.880000114440918
A026F63270|8.989999771118164
C03BE9F818|1.4199999570846558
C8F90F8A7E|70.71000003814697
C9BEF4EE76|6.860000133514404
E16BEF34D5|24.08000087738037
FD0743AE5B|1.7699999809265137
0199BD18F8|9.420000076293945
0DCA027AA0|14.880000114440918
1B76E33553|0.4699999988079071
1E84644633|0.9200000166893005
2281AA688E|11.920000076293945
250953EC7B|36.71000003814697
2F8520C6E6|1.1299999952316284
41D48516CB|3.359999895095825
54F92B976D|49.88999891281128
553BE6C411|15.64999957382679
694B6E2805|17.209999561309814
6BCBEED278|2.490000009536743
6F4C57ABBF|1.5299999713897705
7427AD5D31|7.210000038146973
82B104F3B9|9.460000038146973
8524A224F3|16.299999713897705
913BBD74EE|24.40000057220459
BA973E9C36|63.34000205993652
BF2756EC9A|16.940000534057617
D6F728BAE8|20.84999942779541
DE9C3A2434|6.630000114440918
E38390BCA0|27.479999542236328
EC592904E5|5.539999961853027
21154690B1|9.229999542236328
2D412CD3E5|9.609999656677246
4D45E01BE0|3.4100000858306885
51E62D6929|9.710000038146973
67C3EE17B3|6.869999885559082
7A957A6D1F|18.40000057220459
97DD965761|12.3100004196167
A3D8B7EDEC|0.7799999713897705
A7C47D37E8|9.469999648630619
AD51E51876|17.170000076293945
ADF6BE9822|7.110000133514404
BF8C3D3EFF|0.6000000238418579
BF9C739378|0.49000000953674316
C0BCC4B267|16.969999462366104
C8B3177B98|18.040000915527344
DEE8CED9B6|55.099998474121094
F1F3388870|19.28999948501587
F851AA63C7|11.579999923706055
FDAF44137D|16.139999389648438
19C5545A67|10.15999984741211
1A48479AFA|5.409999847412109
2814BBE50B|6.559999942779541
287D47344A|0.989999994635582
2ED3173639|67.38000059127808
46DC3BEC72|2.440000057220459
5E9D614A11|1.5299999713897705
6776C42167|6.71999979019165
6AB77C2881|3.819999933242798
6F21D5F288|18.149999618530273
749D796EC5|9.979999542236328
78B23038BC|12.84000015258789
84AF552328|9.460000038146973
9AFAA3E430|23.19999933242798
9D26BD8D01|0.46000000834465027
9EC8329FD5|17.739999771118164
B032397077|10.0
C25B864752|1.1200000047683716
FB72C2C419|15.019999980926514
FC3E3FAD66|7.630000114440918
17C7407A26|9.460000276565552
22E09E2F77|6.739999771118164
31E805362D|112.6100002527237
3639792D10|7.110000133514404
4E5D480CEF|5.360000133514404
5352AAC777|20.34000062942505
56899467B6|7.320000171661377
5A32058276|19.999999523162842
6414A36119|1.850000023841858
758549AB5F|3.700000047683716
7957E72E83|7.539999961853027
A23C4D3BC2|0.6200000047683716
A81B1D452C|7.980000019073486
AB8CBBAF60|1.0
C0D87495E0|32.71999931335449
C31ABD7170|4.0
C7A6943649|31.659998893737793
C856425E42|3.859999895095825
CCA565DB04|8.609999656677246
D8B2716A39|5.360000133514404
E396F12FEC|5.800000190734863
E697E3C414|11.329999923706055
F1E6EA2031|4.419999957084656
1918772D98|0.7300000190734863
33F5DA2186|11.5600004196167
43FDE5D0C2|20.200000762939453
4669E1204C|2.6500000953674316
61DE9B9F5C|7.309999942779541
63B3B1AF6C|18.600000381469727
8EDA8FD7F3|0.8700000047683716
91B7824F1B|11.96999990940094
989DB10512|0.8799999952316284
A7E7FA409D|25.640000380575657
B29AB73847|2.9700000286102295
D64693FC08|8.180000305175781
D70642325A|5.769999980926514
D914A9AA17|5.090000152587891
DFFB3D8C43|12.420000076293945
E3B72ECB1C|1.8600000143051147
F166BBB4BD|0.09000000357627869
16477E4D84|3.7899999618530273
2332DBA989|9.529999732971191
247B2DC749|55.2899996638298
40E4CD8B8C|5.409999907016754
4491AE135C|1.0399999618530273
53DB7CA97E|6.21999979019165
58F29EDA15|9.0600004196167
66633E84B0|14.34000015258789
6C2EAA6C96|28.890000343322754
C39F978755|8.720000267028809
CBE4710349|16.56999969482422
D737750D04|3.9800000190734863
DED569A482|9.960000038146973
07F89DACBB|2.690000057220459
0B15957706|4.849999904632568
129C29FEB1|13.499999523162842
40B06D03B0|8.150000095367432
48DD45DBB1|11.790000438690186
52EE66C651|8.869999885559082
5E27322ECE|7.579999923706055
71BF1128FF|17.799999237060547
821660A65F|56.76999807357788
8816B73F8D|3.559999942779541
895AFBD394|8.989999771118164
8E813057E2|5.980000019073486
A6573B338D|4.840000152587891
B49D761732|28.439998626708984
B6DB90BB26|25.02999997138977
C95AEC427C|137.729998588562
CA9B6C6C9B|6.429999828338623
D5BDD6CED5|30.0
D8E0C004E0|10.699999809265137
F619BCCCDA|3.359999895095825
F721B2A68B|0.03999999910593033
F9FA83DCAF|4.860000133514404
FE7463F2BA|29.280000686645508
04ADA3DC10|4.21999979019165
17523F40C9|4.759999871253967
2EE44627AD|4.840000152587891
32D484CE2C|19.020000457763672
34AE4B544E|3.4800000190734863
49B1BE1790|9.479999542236328
66DC5A79F3|9.729999542236328
6BCB2F10B2|0.20999999344348907
701E9058F9|5.290000081062317
74D7879D05|1.9199999570846558
77676C0EF3|0.4000000059604645
846C5221B7|1.2400000095367432
859F17287F|4.079999923706055
9AAC0AB2F6|3.7899999618530273
A0A5196FF2|18.6200008392334
AAD9F73512|9.710000038146973
B53DF8FF14|8.620000302791595
E403E28BA6|2.2699999809265137
ED96CB7FD4|8.079999923706055
FE498CCAD3|30.850000381469727
26F63D5D5A|0.6600000262260437
3A34F093FE|27.540000915527344
7C21B31356|0.41999998688697815
9CD445994F|1.600000023841858
A4EE9261A6|12.999999523162842
A5871AFF3A|4.800000190734863
B524D66149|8.869999885559082
BDB88EEFD2|7.110000133514404
C1693F8103|49.67999887466431
CB5FA15075|13.929999828338623
EEDA7FAAC0|0.4000000059604645
F88AA483A1|28.380000114440918
000D5B99D3|9.359999656677246
06859CD7F8|17.799999713897705
17CC96B2C2|9.819999694824219
1DD704F635|8.5600004196167
2907B7BD81|3.1600000858306885
331480AA55|48.89999771118164
45298E6573|47.40000033378601
46C207FD49|0.44999998807907104
48CFEACF71|6.130000114440918
4BE52E7C76|13.479999542236328
7886DFEB1D|6.849999904632568
9C60894E67|0.5899999737739563
9E98B18489|9.279999732971191
AF190C0489|8.140000104904175
B3F84E712D|2.8299999237060547
C7B236F9DF|3.549999952316284
DF25D2491B|15.509999990463257
DFB9CF9718|9.010000228881836
E1F590F40B|26.310001373291016
E359278CE5|2.859999895095825
E3E7EDBBAC|4.679999828338623
08237BBCC9|1.5
0D51BE251A|7.610000014305115
1059BC6ECB|3.109999895095825
11DFCB13B2|15.819999694824219
13FFAE212B|6.559999942779541
14587123E3|3.7300000190734863
162650562F|7.789999961853027
22611B6C7E|5.730000019073486
29D7420177|4.059999883174896
3A591A0150|0.3799999952316284
451B6B25AD|10.320000171661377
549A5472CB|19.229999542236328
5B59D6917B|25.92000102996826
6001596DDB|9.9399995803833
867C201EC3|9.5600004196167
A47CD6B0FA|9.979999542236328
A5447EA3B8|115.48999977111816
B0345B7CEE|4.239999771118164
D3D515D10C|20.609999656677246
DD3C136166|12.09000015258789
DF22657A21|12.4399995803833
F5CBC18471|6.960000038146973
05F050B2B8|18.580000042915344
0817482AE0|2.069999933242798
19E80183EB|7.25
382AF8D8B8|64.37999773025513
459B851F25|2.740000009536743
5039052BC4|1.940000057220459
5C51D9FDE6|2.0899999141693115
6BDF6EA0C1|4.380000114440918
6D9445378F|27.689998626708984
7B9945A94C|5.239999771118164
819006F2FE|15.279999732971191
84AED5C114|19.260000228881836
84C2BFC7BC|7.409999847412109
89FE4CE40D|60.57000243663788
A0AED4C139|3.0399999618530273
A25C94E5C9|7.430000305175781
A899956D56|10.15999984741211
AE5C309458|8.569999694824219
AFF290977E|5.170000076293945
B59FE0D243|17.899999618530273
BA19FD6583|8.229999542236328
BDBF68D4FF|1.4800000190734863
C8D03961A1|43.13999962806702
CAC830E4CC|14.75
CB96F6D3EE|7.180000066757202
D3B834B047|5.809999942779541
D9E63B6EE3|3.6600000858306885
E76676E165|7.619999885559082
E93574BD23|0.9399999976158142
06EF3741DF|9.680000305175781
0AD471C87B|8.140000343322754
0D95E04793|0.21000000089406967
117CA185C7|8.579999923706055
196FAFEE2C|22.260000228881836
484EF6B1AB|24.780000686645508
74C9B6942A|0.9800000190734863
85005086EF|7.510000228881836
8CF8B50C1C|16.330000400543213
901E11B934|25.520000457763672
943918E56A|16.020000457763672
9B8A54BD56|3.8399999141693115
AF4FA3F203|6.210000038146973
C0758150A8|6.679999828338623
C2B313D6B1|14.969999313354492
C58A684F82|0.4699999988079071
CF36A6B41A|15.640000343322754
D115498139|16.20000021159649
DBB69E54F5|24.4399995803833
F517B12C73|11.349999904632568
0596F1D67C|14.849999904632568
06BA2AF15C|13.619999885559082
1427A81196|8.880000114440918
18F1BF6939|19.15999984741211
246E821E18|11.520000457763672
25A17343CD|6.839999973773956
5EF617C39C|8.579999923706055
6BEEBE55A6|3.640000104904175
7CEC54DC2A|14.490000247955322
96E4ED246C|69.9299988746643
A1C389E241|38.47999954223633
A8BF5235BD|9.350000381469727
B3BAD08402|26.84000015258789
B86978D04D|13.0600004196167
B93F801713|14.319999694824219
C7B324C549|15.020000457763672
C81BB2BCBD|4.25
CA6B7BC55D|9.550000190734863
CF994B7877|1.0800000429153442
E942403E5B|2.759999990463257
EAF80897A7|13.870000123977661
FA903024C6|10.600000381469727
01F3BFDB6C|9.65999984741211
1D7B9A73C2|9.930000305175781
28E5C8DF76|24.939999103546143
2976517A68|8.739999771118164
2A07505B50|8.300000190734863
2E2C70EEC6|9.72000002861023
303D93DDD3|3.4800000190734863
36A648C3A6|2.0199999809265137
37956171B4|5.619999885559082
3D1556F699|1.2699999809265137
3F38AC20FF|7.7099997997283936
44F6A3D8DA|72.23999786376953
540D3321CE|5.980000019073486
54C119533D|37.859999656677246
69332F353F|2.0399999618530273
80CE1761B6|2.259999990463257
8A08859220|11.700000286102295
A2DEAD396F|8.439999848604202
D55D79EDD5|8.479999542236328
EDFBE708AA|2.7899999618530273
F321F5706A|3.25
F80057CED1|27.440000534057617
FA0CEA1F5C|12.330000400543213
FEDC6FD22E|3.240000009536743
25CF3AF9E1|14.079999923706055
322E7D0997|7.710000038146973
527C409B8D|25.269999504089355
5E48C2C9B2|9.020000457763672
8364324CCB|12.269999980926514
8EAA95427E|9.579999923706055
A20AA714B7|5.440000057220459
A8A75BA166|26.369999885559082
AA94FE3B83|14.570000171661377
AC0F4C36B7|0.9900000095367432
AC1AB6DD1D|5.610000133514404
BCE30AC0E3|21.31999921798706
CCB9744514|4.480000019073486
DE83B4E728|11.199999809265137
F286D61D5A|14.0
F3233F559A|6.929999828338623
FBD65FA8B1|5.210000038146973
FC2EC164EF|17.100000381469727
0690F1550D|12.359999895095825
0907186CB8|30.019999966025352
1655984E84|3.7899999618530273
229D5FA8C0|19.739999771118164
25756C3007|8.639999866485596
3FC49AD5C1|5.329999923706055
57150BC6C4|8.90999984741211
5845A8AFBD|4.090000152587891
59EBC99F89|9.380000114440918
8F4FF67A1E|6.28000020980835
A979AB205E|55.30999994277954
B1EB86251D|1.149999976158142
B2EF056F5B|37.40000140666962
B8A79FD531|23.69000005722046
BB0EE20352|4.019999980926514
BEBF4192FE|28.1200008392334
BFA2FBFFC0|19.18000030517578
CA1A86D911|4.7299999594688416
D3F8915AC5|8.8100004196167
E4B598111E|13.880000114440918
E69D96CD57|38.63000011444092
E892B9DECA|5.639999866485596
FEB3E050AB|8.019999861717224
04C7A8EA74|8.720000267028809
0A91F5FED5|8.960000038146973
1C7689B2E9|84.20000076293945
1D71925B0F|6.159999847412109
2242038EF1|2.2100000381469727
457328371C|8.839999914169312
4BEBD5596B|5.609999943524599
57CE37DBCC|52.40000104904175
5E861786E5|2.559999942779541
611BFD4585|6.039999961853027
6538D5AC96|1.6500000320374966
6FE25845C4|31.360000610351562
88C7197D65|0.10000000149011612
94FDF36D3C|8.0
9D10F677FD|13.520000457763672
A72E16349D|11.700000286102295
C3EEB2470A|7.840000152587891
C87B59DBC1|14.609999656677246
EB22313A81|9.119999885559082
F58EC1BEEB|8.149999856948853
FE773F4F26|9.690000057220459
116D78F47B|2.9600000381469727
37B01DDC24|11.769999980926514
507A103B5E|8.479999542236328
67F387FB8B|26.790000438690186
75F2FF51AE|4.799999952316284
79351A8BBB|8.09000015258789
7B80DC2758|6.119999885559082
8DC3D76859|27.520000457763672
94E32CCABB|0.6800000071525574
BE55B92819|7.2099997997283936
D4D08C2894|2.640000104904175
D59ABE57B6|5.179999828338623
D5F1D43293|4.920000076293945
DBAF2D971F|11.509999752044678
F579E6E41A|14.039999961853027
F60C4C3685|5.569999961182475
F80E0CAE33|15.65999960899353
0FC4165655|15.300000190734863
118F5781A1|0.3499999940395355
181601A3D1|8.849999904632568
432584410F|4.039999961853027
616D52B5C3|19.230000495910645
6C98E895C4|8.050000190734863
7868089E23|17.91000008583069
7A23A4AF98|9.960000038146973
8ACF2EFBFB|0.4699999988079071
8F74CFA1CC|9.65999984741211
96B2731380|4.989999771118164
AC8C2B52BD|18.139999389648438
B635AC3476|20.08999991416931
BAAB9D5930|2.3399999141693115
D6CC2C1727|2.950000047683716
D90D9CFD2D|34.80000019073486
DEACD69C24|7.489999771118164
F4A44BD28E|7.880000114440918
FA1EE8EB10|12.190000474452972
1BC686B2E5|7.099999904632568
224358D376|6.639999866485596
2F35F4A093|21.769999980926514
3626239FEC|2.5399999618530273
3B01B80198|10.079999923706055
46B07A7BC3|16.639999389648438
47A594F8E5|6.300000190734863
47CE605C2C|21.630000114440918
4EEC146780|8.800000190734863
8571C3E58C|1.8600000143051147
90F401F887|7.849999904632568
926B66FE5A|4.579999923706055
9921F38425|5.139999866485596
9B32CADFBD|7.409999847412109
A1D3D10032|4.079999923706055
B0FA192DD1|3.8299999237060547
B224FB7F0F|4.78000020980835
C314A40990|16.020000457763672
D1EB99EB51|8.319999694824219
DDE404F091|2.7200000286102295
EF8431216B|0.6700000166893005
F4867669BB|8.260000228881836
FED6732C13|9.15999984741211
1159BB3EE5|9.470000267028809
196C5877CD|21.84000015258789
2B9CF5BF54|29.720000207424164
320C6102D2|4.650000095367432
5B1FB64803|7.409999847412109
606269C6DC|15.239999890327454
623B1D535F|6.769999980926514
6D770DFD84|18.719999313354492
7987B2A971|14.549999713897705
79EA974DB9|12.079999923706055
A3450220F4|6.960000038146973
B530AC4C08|5.5
B8901831F5|3.450000047683716
BAE972D014|6.359999775886536
BEF80464AA|4.3500001430511475
D9C95E7FF3|5.069999992847443
DC9240C8B5|8.760000228881836
E71D16BF13|17.56000018119812
03C17664C4|2.0799999833106995
1F7162C102|14.110000342130661
24353206E5|13.139999866485596
31ED8DFE24|3.119999885559082
4D190B6664|4.46999979019165
714CBA2CFE|6.789999961853027
9012BB30EB|115.31000185012817
9A4EFC45EF|21.449999809265137
9DEDAE0245|2.7600000500679016
9E1F95D0E9|18.799999237060547
A41D6F9145|9.569999694824219
AA2729C082|6.920000076293945
BB27367CFE|8.970000267028809
CD1D78520B|0.17999999597668648
D2650BF1E5|34.599998474121094
DCCB523466|66.17000134289265
E1BDE780C3|4.590000152587891
E22933A174|39.12999963760376
F17276C8A9|108.66000294685364
FEC63B18BC|2.2100000381469727
021A6CD261|125.4099967777729
06EB3AB5D0|8.100000143051147
10D3407136|12.489999771118164
12E784DB76|0.17000000178813934
1322086709|8.40999984741211
3257CC4F5D|46.5099995136261
36426C60AA|37.489999771118164
400BB060A6|8.84000015258789
4D8E74E199|2.440000057220459
54DC9D139D|4.199999928474426
6B7F172954|13.680000305175781
86C5A5099C|2.369999885559082
9258699C58|6.030000239610672
965BB218D8|10.019999742507935
9A7FA749C8|4.599999904632568
9D97CF47B1|12.630000352859497
B0377D4AC7|6.349999904632568
E16A9A1E2C|32.88000011444092
E59100400E|9.899999618530273
E6EFEDC109|4.679999828338623
FB7AC97FFB|2.9600000381469727
06CA91961F|10.370000004768372
3E2082BA6A|6.269999980926514
412EFC06B3|41.8799991607666
4FB5F54BDC|8.290000200271606
5B76A7D85F|7.400000095367432
6BDB3875A5|15.710000038146973
6CF331091C|32.15999984741211
A6ACA5708B|41.40999913215637
AE1C15A6DC|1.4500000476837158
B11761D989|0.05999999865889549
BC1FEE326E|27.15000057220459
C0FA4B3960|0.800000011920929
F2277277D2|29.78999948501587
F5B002C3C8|5.25
02B9232539|1.7999999523162842
063DBBE0B6|11.860000371932983
06BB7C11A8|28.500000417232513
2FBD502B5D|7.630000114440918
52776CA948|11.709999561309814
5B2C5D3282|16.50000023841858
5CDC1D5F40|7.840000152587891
5DE1B711E4|6.610000133514404
82DB7F9465|3.5
8DBEE09F39|118.83000361919403
F344767F5C|6.699999809265137
F7FF73AFD0|58.03999900817871
108D0A95BC|3.809999942779541
1CC938A43D|21.780000686645508
2E1F12E7F2|0.4000000059604645
309657FC44|34.769999742507935
3C075B3A05|22.509999752044678
52831919DF|4.199999809265137
54FE600533|22.739999771118164
5E99301927|6.670000076293945
6CC6CAD250|11.5600004196167
7979D98E80|2.809999942779541
7E6A7834DB|2.4600000381469727
84A38019C8|28.77000093460083
8674425930|8.949999809265137
874C924F46|13.760000228881836
9BE4E89F34|2.930000066757202
9FF7EFDC70|21.600000381469727
C7C4536E22|0.10999999940395355
D6D3325A97|22.65000057220459
E5D8A0DA46|2.309999942779541
0158D92306|12.34000015258789
184349B00F|17.100000381469727
2168627069|7.869999885559082
22BB18AC10|52.540000915527344
36207BB24D|1.0399999618530273
642C047C35|2.8900000154972076
79379AA0D5|5.539999961853027
A601D9A8D2|34.34000015258789
B09519CC14|18.21000051498413
DD7B6EF00E|30.369999408721924
FA0014A6D5|10.509999692440033
FAC88C9E8E|19.110000610351562
0C910DD24F|7.709999918937683
1F59977F7B|18.330000400543213
2830086C84|7.269999980926514
394870D044|9.550000190734863
3FD22540AA|8.319999933242798
402217F385|7.279999911785126
695BA4D4A1|0.23000000417232513
6E9B48D7A8|3.049999952316284
71930B877C|2.990000009536743
777A34AC42|28.87000036239624
7C38C123F1|14.890000343322754
8B0218ED7A|18.0
94F7D4A590|15.300000190734863
981CD40CE6|4.079999923706055
9E3A2F61F6|6.340000152587891
A0E2ABB9E2|1.9600000381469727
BF435178AB|13.130000114440918
DF52D646F5|22.09999990463257
F1503357B4|45.10999774932861
22F6A52B7A|2.0
56B5399BCB|2.4100000858306885
5DDF4FC960|2.569999933242798
61B3E01533|5.980000019073486
72D28C3C5F|8.5600004196167
75E8B9B732|13.990000247955322
790F33FFBC|4.539999961853027
80A9DB5261|11.809999972581863
83B5445C5B|8.359999656677246
99C0F04F24|1.0800000429153442
9C5420ED33|4.579999923706055
A3F08EBA63|40.98999905586243
AEA5C02129|2.0799999237060547
B04640B695|16.15000009536743
BB606F61CD|13.399999618530273
BBA43B5E82|3.380000114440918
BED2ECAB79|3.4000000953674316
BF5071E9BC|1.2799999713897705
C4AF41A0ED|8.020000457763672
D6A2856AA3|10.87000024318695
E1C529EEAE|23.09999942779541
E559EC9833|8.640000343322754
ED330EE490|9.550000190734863
20EAF7C483|19.74999976158142
20F0C96F98|3.960000157356262
238681848D|6.0
65F8D50291|3.609999895095825
7F1320C081|14.84000015258789
852F498FEA|6.170000076293945
B0AEE0EA38|11.34000015258789
B352DE8319|4.75
C4E9092F73|9.619999885559082
C8862C1F33|3.8399999141693115
DB14DFA7BF|35.30999994277954
E38E97AAF2|5.119999885559082
ED25AF7CA1|24.12000036239624
F015297AF9|11.399999856948853
0FF5FCBA4E|13.37000048160553
13CF660749|3.5199999809265137
207E49811A|2.940000057220459
27DA30D743|3.5
2F4824CE73|7.569999814033508
3DF47886F8|5.590000152587891
4471EA2964|4.369999885559082
48EF573784|29.219999313354492
AEE432C120|8.619999885559082
B9B6E904E4|0.3199999928474426
C7BBBE12A2|7.039999961853027
CF75A551CE|16.009999752044678
E1378EB366|6.760000228881836
E476445EF7|10.34000015258789
E4E165AFD5|46.3700008392334
EF27DB7F79|7.099999904632568
F1E6D63DA4|15.729999780654907
F51AC681AA|1.899999976158142
FFF5580ACD|13.869999885559082
0D45AE321D|12.399999737739563
156483A9D0|7.610000133514404
22D7DC5384|2.059999942779541
26BB4241E3|13.93999993801117
3503FE5987|78.80000162124634
525BF35755|5.099999904632568
630F6A78B3|9.010000228881836
6B5682ADFB|6.389999866485596
6C71E9FE45|40.31999921798706
80528D55D1|33.799999713897705
80F7A7DA6D|6.900000095367432
8D1A1EDD63|3.179999828338623
9A1D292F4C|11.859999656677246
A467456DA5|23.59000015258789
A522EC2761|5.760000228881836
A93DB3264F|2.880000114440918
AE3C972EC1|7.350000161677599
C129AAB5A1|16.4900004863739
C63DF2D5BA|309.8600001335144
C9234082DC|23.320000171661377
DB55D96104|8.730000019073486
DDBA46F201|10.119999885559082
DF67C5220D|13.57999974489212
E632C13E0D|5.840000152587891
ECD4CE09C9|23.709999442100525
EE6EDD4DE8|6.0
05ED595A9E|13.960000038146973
11FCB617EB|22.890000343322754
27A6557A45|9.229999542236328
29966C84AD|4.360000133514404
29A3A70E11|16.55999994277954
46E829C254|28.730000495910645
4EDECB7AFC|29.86000108718872
50B9651A9C|1.0800000429153442
5228B97E83|4.900000095367432
59D3B4B1E4|8.15999984741211
65D983215A|4.059999942779541
68C0E6FD78|5.320000171661377
74C38FEFEA|8.180000066757202
78E64F71EB|1.899999976158142
87030B1276|56.869999170303345
899F5EB7D9|24.100000381469727
9A7154D76B|9.119999885559082
9E5412D39B|17.719999313354492
B76D9813AC|9.699999809265137
BB6A216A07|47.84000140428543
E7AE6535A3|0.7400000095367432
EAA10E6430|19.4399995803833
ED89601C6B|4.769999980926514
EFD69F228D|17.68000030517578
F207CB29A3|2.690000057220459
173410E02E|4.230000019073486
1AB9C5464A|0.4699999988079071
21A75FE74E|6.369999885559082
232FF0769A|9.39000028371811
41B111D81D|2.0399999618530273
501B123DC0|4.039999961853027
5F0427CC90|8.719999730587006
627EB0B0F6|8.770000457763672
7179E98FA3|10.199999809265137
77B18FC61C|4.420000076293945
78FD1823AF|5.769999861717224
97041A2978|20.260000228881836
C2DC235AD6|1.7400000095367432
C8A1851B27|3.9600000381469727
D596E90F3D|8.739999771118164
EA6405B348|113.00999736785889
0A06274F76|10.640000343322754
0A5BA52B4A|19.320000171661377
13344A47B1|23.91999912261963
22315715BA|26.819998741149902
32882FE754|4.96999979019165
3E4F44494E|38.79999923706055
4DB0C95CD1|8.25
51018BD201|7.929999828338623
53684FFF0B|27.810001373291016
54A2BFBCAD|3.4200000762939453
5773E1C480|4.059999942779541
73A4F9F79B|1.159999966621399
73C8E179EA|7.769999980926514
74EC50B323|4.800000190734863
75CD38ED5F|9.680000305175781
7814D90721|10.800000190734863
B6481CDF53|9.020000457763672
EB6159C112|6.889999866485596
FD8C15B53B|12.110000133514404
05888F193F|3.690000057220459
1D4D4E829D|8.989999771118164
22EA4ED242|40.540000677108765
399FE1B9C0|28.09999942779541
48D2EA22D7|3.0299999713897705
4CC365373D|1.6699999570846558
4D9DB3E606|83.18999910354614
73F1A25ACF|20.239999771118164
791D2B6E7E|0.8400000035762787
842689A2B9|2.2799999713897705
8BB6F5DA54|11.070000171661377
A17DC15C99|4.130000114440918
B34E9C4A83|26.099998950958252
B36A72A6C3|36.250000953674316
B6B1173FD5|8.279999732971191
D184FA1454|11.880000114440918
D820453E84|17.3799991607666
D8C99BA272|13.010000228881836
ED67874882|24.940000653266907
EF1DA53F42|0.9399999976158142
32A7F1157E|18.949999809265137
5B7285AE63|8.569999933242798
5D07D820C4|8.279999732971191
6C9B46F906|3.2899999618530273
81DF873C1E|36.40000033378601
A3BF5408E4|18.349999636411667
ABC22F1C9A|13.5
B07B9E03F4|9.229999542236328
C4D4144DD6|4.78000020980835
C5B3087730|10.15999984741211
D3100B8BEA|19.950000047683716
1D3BAC7FE9|0.10000000149011612
203801B82F|8.449999809265137
405221CEAC|2.869999885559082
443EC423C2|23.429999828338623
4DB22D567B|4.809999942779541
5F0A79F96F|1.8799999952316284
683AAD4B09|5.2499998807907104
7885822D7F|0.6100000143051147
7C9F1F9DA5|11.300000190734863
86D94BE33A|8.399999618530273
8B6AE604DA|38.450000286102295
999465FDBD|13.890000343322754
9D18559F56|5.110000133514404
9ECC3612A0|8.119999885559082
D4F78EC44A|0.4099999964237213
DA37D545A5|33.92000126838684
E37C8D8A33|1.0399999618530273
EB67E24A1E|28.479999542236328
22315CBF29|8.039999961853027
353AA6CC3F|0.23999999463558197
53E22CF159|20.480000019073486
87D1386E86|18.59999942779541
BA0BBD43CC|6.360000133514404
C10438468A|3.240000009536743
D029A7ABDD|10.059999912977219
D050651467|4.099999904632568
F3264EFFED|4.099999904632568
F683D23284|19.9399995803833
1039AD87FC|0.38999998569488525
2E6F9DA5DD|9.420000076293945
31743CFE45|19.219999313354492
3B932E8C76|66.06999969482422
44FB997653|29.520000457763672
4EB73BA40F|3.809999942779541
62B377CA12|14.970000267028809
64420A7C6A|3.75
68475EAD14|0.23999999463558197
68E9632DE5|11.640000343322754
836F51D20E|28.910000801086426
938F321F55|27.930001258850098
C14BC4B4F0|6.690000057220459
C8A2D827FB|8.130000114440918
D95CF41AFD|3.950000047683716
DD801FB013|9.59000015258789
FDD918F6D4|0.1899999976158142
0F082B078F|4.159999847412109
14EB57C03C|34.91999959945679
306EA1FEFD|2.25
3A42DEE694|19.619999885559082
4787AD9BA0|9.779999732971191
64CD19F6AE|6.869999885559082
6968156035|5.869999885559082
76634228B7|3.319999933242798
7679E5147C|2.4200000762939453
7DA63B3C77|25.69000005722046
831FDD0447|1.9600000381469727
86A119B8BD|0.30000001192092896
98943F62AB|9.460000038146973
A3BC15C887|23.639999389648438
A7AE36CFA2|37.619999289512634
BCEF8BCDA9|3.759999990463257
C46757AF48|18.130000114440918
C9B4552A18|13.390000343322754
D1F8CC7284|9.430000305175781
D60FFF5DBF|29.160000801086426
EE6014BA21|30.009999752044678
F51DA41EE6|1.7300000190734863
FDB1731A3E|26.630000114440918
0C1C228066|7.949999809265137
230BD30031|17.799999713897705
2BEC309256|7.519999980926514
2ECA26B713|5.710000216960907
31CC2CF944|0.5899999737739563
32414AFF11|1.1399999856948853
441BCD1AEF|20.34000015258789
4DB7947682|1.1100000143051147
51FD0B8064|38.599998474121094
59A08A7F67|34.730000495910645
66EB24D4FB|4.730000019073486
6CD3D58200|22.069999888539314
6FED9BBC4F|2.980000078678131
708A54C4D4|37.619999170303345
7C1C2CB733|5.650000095367432
807103BAC5|7.380000114440918
8A648A81C2|0.5
90DE0C0C58|37.36000061035156
9E717BF672|1.340000033378601
AF4CD5F926|13.760000228881836
BD1474DBE1|7.239999771118164
C6A01CB85B|5.829999923706055
FA27EFE1A7|3.0399999618530273
FC5227B64A|17.639999389648438
0468862CF0|50.209999561309814
06FF082FD2|4.679999828338623
1160904120|9.9399995803833
1D104D92FC|21.75
1EA6A836C2|8.359999656677246
218FC8F449|19.640000224113464
265465CDD8|0.8399999737739563
268C43E87B|7.400000095367432
41272D1CE1|2.4100000858306885
41DE64F8C7|24.540000915527344
43064E5E9D|1.0199999809265137
4B32BA0B92|0.36000001430511475
52168A5A50|6.949999928474426
674C04F34D|5.989999771118164
695CBA339A|0.9800000190734863
741CA3AB9C|6.670000076293945
8815439901|41.64999961853027
8AB742E9A9|5.119999885559082
A86CED5102|5.150000095367432
A9765227ED|15.56000006198883
BBF900759B|24.569998741149902
E5D2E93E3C|9.279999732971191
E6DD072181|5.760000228881836
F19B876F1F|1.1699999570846558
114D54DC85|15.420000076293945
1C5170E1EA|28.65000009536743
268170AD65|6.96999979019165
2E1F469696|2.3399999141693115
34A51AB7B2|18.780000686645508
35B8AFB362|2.7699999809265137
374DF8E0B6|7.480000019073486
37D4DA0D44|6.389999866485596
3CE7B09E5C|1.059999942779541
427E98AB67|4.5
49E9CDC277|12.789999961853027
5D65B98191|5.110000133514404
762FC70533|37.36000061035156
A6AB0F5614|13.570000171661377
A8F346ADD5|5.349999904632568
BF45BD01BD|4.860000133514404
BF6B608702|8.6899995803833
C5D8BEDF98|9.5600004196167
C9B5AB06AB|3.049999952316284
D0F5F4BFA5|68.00000186264515
E163C1AA10|11.670000314712524
ECDF9340C7|8.579999685287476
FA4F1F8AB4|7.460000038146973
FF46336202|6.090000152587891
04C04CF686|29.899999380111694
193C55E82B|1.159999966621399
1DE28BFE22|2.1700000762939453
1E6FD9E968|1.8300000429153442
3F43E677CF|7.139999866485596
4F4C6992FD|7.170000076293945
53749CA255|0.38999998569488525
6782F6C236|1.7599999904632568
68DB1056A0|3.9000000953674316
8EB272E973|1.7699999809265137
9415DB55B4|5.159999847412109
AA69C51AB2|10.760000228881836
AD5500C2FC|7.559999942779541
C268C52A63|6.039999961853027
CF9602EDBC|1.2799999713897705
D7321C9FC1|1.1200000047683716
DAE27AB6B8|11.709999799728394
E6B2480499|20.30999994277954
06E68066FC|3.450000047683716
0EEEA1A1BF|3.180000066757202
12F04FBEC6|6.989999771118164
1DC1A1CAA5|7.449999809265137
3A3297B669|5.380000114440918
40B0FF7173|2.880000114440918
4FE650DA02|12.65999984741211
53447F4F74|61.329999923706055
5697FECA2B|34.77999973297119
845898A5B2|3.799999952316284
84C5299BEC|47.52000045776367
A11A32B72A|18.760000228881836
A31D6AE787|8.840000450611115
B1FE6FA302|22.479999542236328
B778C63A90|6.0299999713897705
DE1E8B1427|1.4800000190734863
EDC932AABA|1.600000023841858
F17A599B8D|33.60999917984009
FA44135BD1|8.390000343322754
FA6BF6CDDA|8.100000381469727
141E9050B9|1.1799999475479126
35DC664578|11.519999742507935
3C5DB4BBEB|6.510000228881836
412AB318D0|9.4399995803833
5EE4A6E033|12.180000305175781
68247CDBC8|31.84000062942505
7FA512847F|4.329999923706055
8B6872000F|6.059999942779541
8F82355FB6|5.909999847412109
C982C3D86B|1.1100000143051147
DC36680D66|16.920000076293945
1611CE2A9C|9.800000190734863
198FA949F5|49.170000314712524
321760F93E|9.0
37AC44E6DC|9.5600004196167
4010F16EB5|4.050000190734863
4E6A1FC29F|1.409999966621399
5D20BCFAC9|9.289999961853027
5DBF7CEF63|5.079999923706055
8BD1AF865C|1.0
9774113533|0.3499999940395355
A2353C3A64|91.31999969482422
A99594B026|12.020000457763672
B241D4AAF6|15.940000057220459
B86B629A2B|5.039999961853027
C2B2556C45|31.639999389648438
D4932DC533|0.7599999904632568
D535C02E54|9.170000076293945
D7821057E4|19.320000171661377
DBCE33D8F5|15.4399995803833
E107DA6901|2.2899999618530273
F2C8BEFD58|18.97000026702881
F73964342E|33.63999938964844
198B05D859|75.59000027179718
2C8D75ECF5|3.890000104904175
40348789BF|15.220000267028809
4D22D0E3FE|54.80000114440918
558DB6341E|15.740000009536743
63B5299AD9|0.8500000238418579
C757EB005E|5.019999980926514
CAF229ABFA|6.079999923706055
E48BC33E05|3.7100000381469727
02DA07F3DC|37.439998626708984
0AFC7E6CC8|6.46999979019165
193E997B20|1.809999942779541
1F8DD31443|0.09000000357627869
370F8C9135|14.680000305175781
3AE6B05AEA|8.920000076293945
3E47275919|9.5
4D9181F7F2|3.9200000762939453
590D100629|3.9800000190734863
5974AC29FF|2.049999952316284
683D8F2A28|50.19999884068966
6D3955A19F|16.600000143051147
71573EC443|56.87000131607056
A71902856B|7.489999771118164
BE254798C0|10.020000219345093
D4F5E9DE97|2.140000104904175
D79FCA49A2|33.75
DC0BEC1BF3|9.050000190734863
F6DC0AC130|5.699999809265137
180CE107D7|14.700000286102295
1F66603F0B|25.070000886917114
28C11685E1|10.470000505447388
2F1A6494CA|8.380000114440918
3155EF0A8D|7.0500001311302185
4CB1ECECE9|2.880000114440918
6D03E3470D|12.050000190734863
8025FC80B8|16.330000162124634
81E0FDF545|74.12999629974365
820CE6C4F9|7.880000114440918
84D6B1B1BB|62.63000011444092
85AC819801|33.499999046325684
A31765DAB6|16.8799991607666
A69F5FF56A|7.369999885559082
BC26D16038|7.25
C5634C70A3|7.78000020980835
D4B0964EC7|7.599999904632568
FFD313BA23|6.929999828338623
04C8502C6D|30.639999389648438
0577F9CE4A|4.28000020980835
203A06E237|9.610000133514404
203BCA593A|17.899999618530273
21AD18AA3F|19.989999890327454
30AA14FE5E|6.909999847412109
40BF5ABC23|1.1399999856948853
4554D11C83|1.4700000286102295
4760E597F8|16.389999866485596
5D201541BE|1.5299999713897705
6F4E215AF3|7.900000095367432
78AAFB1592|6.0
798C5A7C10|28.219999313354492
7E0C6AFF57|4.429999828338623
91AEACE1F0|9.84000015258789
91DC3F1D2C|27.079999923706055
9E975A60E5|2.380000114440918
B16FBDE556|5.690000057220459
BBDE489403|6.769999980926514
CF96896DF8|9.880000114440918
D365189678|8.220000267028809
DF0B67E3AE|44.540000200271606
E22DB0F610|18.079999923706055
E4B4E3CE6A|0.7400000095367432
0D6346B2EA|14.920000076293945
10CC7A3F72|2.930000066757202
3A16C46AD7|11.579999923706055
4A3AF05783|3.390000104904175
55F3D8A0EA|4.940000057220459
5619023860|11.480000019073486
6E4C51BD6F|10.199999809265137
9413FD15A3|13.460000038146973
B3A265AE9B|5.909999847412109
D3B328CD74|2.5699999928474426
DA3A9774DE|11.859999656677246
E4B6B570A8|2.3499999046325684
EC00EDF0D7|1.340000033378601
ECF22C6CAB|6.809999942779541
F5C4B3C16A|9.220000267028809
F8AD668022|7.809999942779541
FB205A2022|5.110000133514404
00EC90AA49|13.020000457763672
02F122BA35|6.329999923706055
0E49C52673|121.29000018537045
11F9EE0A73|11.899999618530273
19A8062C3A|7.190000057220459
201BED540D|51.009997844696045
2AC262906E|5.820000171661377
2ADFBEB254|10.399999618530273
300E50C44D|1.840000033378601
7948145D16|6.389999866485596
8B33BD2D50|1.809999942779541
9F848A8C8D|3.75
A622EA7DE5|2.450000047683716
B19B5A2F8D|1.7499999701976776
D394DAAA6F|35.959999084472656
E033EDB3F9|4.300000190734863
F669F1F665|8.199999809265137
063C58C6C1|2.140000104904175
08F18B82CF|12.460000038146973
0990DB9F43|3.0399999618530273
13A373B49C|0.9100000262260437
150E84FB9A|0.05999999865889549
390AF99D71|7.099999904632568
428E4DD669|8.960000038146973
4757B9DFEE|8.760000228881836
57C4B0AC53|4.28000020980835
5D4F625A38|21.350000381469727
6AB7750443|5.670000076293945
6D4710EB8C|8.960000038146973
75781D8A3F|7.579999923706055
922EB6311A|11.5600004196167
9CD9E97FFD|7.269999980926514
A67B210ED3|22.049999237060547
D083315E5E|3.7200000286102295
D71B53D60B|13.190000057220459
DAAB26A726|6.360000133514404
E60513C161|1.0399999618530273
FFF1CADBED|11.200000286102295
016780CFF1|58.76000017672777
083058A03C|1.75
1D3C8241F4|7.829999685287476
47B2B85C5D|9.109999656677246
4A60EC27E5|5.159999847412109
5CF6D39E78|3.810000002384186
62DDBADCD6|5.28000020980835
6424CEAF0E|7.460000038146973
72093D03D4|168.10999953746796
7D5575EE6E|13.460000038146973
887628E3D8|4.929999828338623
97A21DA89D|1.5800000429153442
9CE00975D1|18.959999084472656
9FB0D7E24B|7.03000020980835
9FE3A06396|11.050000190734863
AC6ABE1A5F|5.760000228881836
C9884114D6|1.4800000190734863
CF09CFA3A0|25.439998626708984
DE26BFE420|3.25
E43052705C|2.5
E94C763A12|0.47999998927116394
1182FE6478|9.359999656677246
24441E93E7|5.179999828338623
26ACA7588E|2.740000009536743
306890699D|14.140000343322754
3699C18472|7.090000152587891
3BC5D3AD0E|23.68000030517578
45C268CBA4|1.2000000476837158
52AC32EC4F|9.720000267028809
5A554D4CE1|4.570000171661377
5D2E9DFC0C|1.159999966621399
5F86268B7A|11.319999694824219
6AB47D9DA2|9.930000305175781
982F6626FC|24.950000762939453
9B9A30EF03|2.2300000190734863
9D6CD0390A|36.91999816894531
AEF332A9EA|84.14000070095062
B0BB2E5F39|15.960000038146973
BE79E0B66F|2.009999990463257
C9F7BD1D96|6.619999885559082
E22044F8CB|20.289999961853027
E434524499|2.940000057220459
ECD442017D|0.8199999928474426
FB18C74CAF|17.40000057220459
FE54744464|29.519999504089355
113DDE1B57|6.630000114440918
1E9B9279D4|1.730000078678131
2F8B460636|7.820000171661377
3122FBE259|7.670000076293945
32E9258BFD|11.1899995803833
470159BA41|6.199999809265137
7E6A9E013D|7.809999942779541
90595F11AF|15.380000114440918
9441983A16|5.880000114440918
94A2BD879E|39.730000615119934
A426834282|21.84000015258789
AD42158437|2.0399999618530273
C3816C2145|9.540000021457672
C3E6D04DE1|11.700000286102295
C675C868CF|3.2899999618530273
D8CFF4EDE3|9.119999885559082
E0C94C76A2|37.93000030517578
E16CA5717A|6.340000152587891
FCD2CCA5DA|120.90999698638916
05736B6E8A|9.420000076293945
2551E93897|9.550000190734863
2692208FB8|26.339999198913574
277B632DB2|13.269999504089355
27EA4192B2|9.899999618530273
2FD64C5D25|24.15000057220459
3250026F8B|9.930000305175781
4E2303DB1D|5.460000038146973
4FA0A3C262|10.8100004196167
5094B7A533|39.880001068115234
57D45A8F9B|8.260000228881836
5FA488A988|17.089999675750732
694A1D1FF2|4.099999904632568
721F5A397E|31.690001010894775
7AF009F3FF|121.13999968767166
7BF8FB6DF5|5.019999980926514
8D46432238|24.360000610351562
8DB0D64462|4.650000095367432
9788342843|4.130000114440918
ADB65444D8|39.849998474121094
AE3A56BBA3|15.000000476837158
B21850ACE9|19.739999771118164
BAEB404EE6|28.879999041557312
C7ADFD2CEB|77.3600001335144
CE3A2739A3|24.34999990463257
D16EC56074|15.520000457763672
EE1BD891FA|1.7599999904632568
0ADAC78D23|8.359999656677246
386717CC97|11.190000057220459
416DE20AFB|3.0299999713897705
4D20F53280|9.819999694824219
53C75AAFF2|17.200000762939453
57DAAD2715|30.959999084472656
5EF12DCF4F|2.880000114440918
60043E70DE|1.440000057220459
6611455226|3.680000066757202
9523ED44A2|17.80999994277954
9A46C6A6E5|5.199999809265137
AC6B22B2FB|2.950000047683716
AD68792FFD|14.9399995803833
B63162C251|7.9900001138448715
CFA01FCA0C|5.829999923706055
D30126079B|1.3799999952316284
DA8722F72F|1.309999942779541
ED307D79E3|23.329999446868896
F581E8104A|4.590000152587891
F93DCD6C89|3.3499999046325684
00C6FFA28E|13.800000190734863
01E2623209|5.309999942779541
0CADD56575|0.699999988079071
1AB0EAB2F2|11.619999885559082
1AB2F5A9FA|4.170000076293945
20A31A394A|25.5
42AB406DA2|6.5
484FFDDECB|7.940000057220459
5623D05092|11.609999656677246
63A4862038|13.279999732971191
65D6314CD4|4.739999771118164
663DC060AE|23.27999973297119
6C042A601C|8.460000038146973
9A6385F895|5.730000019073486
9A7F5559DF|12.789999961853027
A071B6A031|27.510000228881836
A334FB1556|7.599999904632568
A3BA455174|78.56000137329102
A48A967A6E|9.6899995803833
ADCDF79BD0|0.7200000286102295
B9DB22F66A|11.300000190734863
C93F43AA07|17.569999933242798
D0C14A05D9|6.909999847412109
E04E253183|8.489999771118164
E332BCDAE9|2.569999933242798
E96EB034D6|27.270000457763672
00E0B28B39|0.07999999821186066
054B2ECB48|4.360000133514404
061E3B9FF0|13.9399995803833
20D0351927|17.959999084472656
297982D09C|16.399999618530273
4243EF5717|15.380000591278076
4C1A38C97E|8.309999942779541
529857B7F2|4.0
5B65A29D19|18.229999899864197
7CD8167ADF|22.679999828338623
A9BF16763A|1.6100000143051147
B284D54542|3.619999885559082
D15DF707A1|5.460000038146973
DFAAC8989A|55.36000061035156
FA86F2D04B|19.48999974131584
FD62B951BC|62.3700008392334
1158AAFDE7|41.739999294281006
24D27560E0|44.74000072479248
2545FD9D54|12.4399995803833
272AE1BCD0|7.320000171661377
2FAFBD1AB7|0.23999999463558197
328CEFBC45|11.509999990463257
3A2B8B1A97|3.0799999237060547
440195140D|0.38999998569488525
501CC38178|9.359999656677246
5E3FA26733|11.070000171661377
7690CC1152|9.739999771118164
8EA66A1EED|20.649999856948853
A572C900CF|6.079999923706055
A95F4A18C2|5.710000038146973
AA88B520A1|11.5
BF00FAA499|5.070000171661377
D529020CB4|4.869999885559082
DA6448CA5A|6.260000228881836
DC5423E231|5.940000057220459
03342C1A17|5.119999885559082
24ACBE8F38|0.33000001311302185
28EAFCC7EB|4.550000190734863
42AB75CC12|1.3800000250339508
68886332FE|15.779999732971191
714D7DB337|8.359999656677246
832C006FE7|20.65000057220459
94C35DCBBA|35.119998931884766
972B18A95C|37.55000066757202
9FA04040F9|17.079999923706055
B367AF55BE|2.9700000286102295
BCAC667719|178.59000492095947
BCDB1BDE62|21.690000772476196
D656EFD435|8.380000114440918
DDB1007510|9.279999732971191
DF5DD7E557|17.760000228881836
E1A57FD6E7|4.640000104904175
F057F555B1|1.6799999475479126
FAC05BA2A1|23.679999351501465
FBC363304C|6.739999890327454
0293430F88|3.069999933242798
08D9C3EE80|29.34000039100647
233C85AB95|163.25999331474304
3D58E12508|8.979999542236328
42C9E09B21|7.360000133514404
441763D961|6.96999979019165
460AD0FDE7|4.139999866485596
69E862D657|19.799999713897705
74EB32B0E1|1.7300000190734863
9A126E29A0|6.730000019073486
9DD9289CCB|6.400000095367432
AEB9DE54AA|24.110000133514404
C41B4B22A1|22.55000114440918
CCE89CCD7D|9.709999658167362
CDBD52FC03|44.369999408721924
D2889AD72E|2.700000047683716
DE5643D408|1.9600000381469727
0494585861|13.979999542236328
0F2A7E0388|9.220000267028809
16D2D74D99|3.930000066757202
4C6D22B9AA|22.530000686645508
4D87A27349|13.539999961853027
5123B9B0E5|4.679999828338623
69F1C8A5D5|1.9700000286102295
8CD1595C98|2.0399999618530273
A5959A7029|18.760000228881836
A618D5567D|3.1700000762939453
ADADFB4735|6.489999771118164
B575812900|25.850000381469727
C17EF2DD7D|4.449999809265137
DD6F4E6123|4.350000098347664
E1C031CAEC|16.739999771118164
F333A2A166|1.1799999475479126
016C311210|3.9700000286102295
0D6D6AF9A3|2.630000114440918
13812CD2FD|16.520000457763672
37DBAD1521|13.0600004196167
588BD7E25B|76.40999794006348
5C97CB9226|14.680000305175781
739FB6CAC8|0.8100000023841858
7BED07D095|14.359999656677246
817F532979|7.929999828338623
854593679D|1.899999976158142
8DFCF52792|22.750000476837158
8E31D6DA2C|9.520000457763672
9D3D8EA511|16.420000076293945
BBEBF8C2B3|6.380000114440918
CFAC93DF34|7.960000038146973
D4FB893641|9.869999885559082
D74FAB55E2|30.28999948501587
DDBAE7A5B1|7.429999828338623
E0B81360E0|1.8600000143051147
E43E6423C2|16.640000343322754
F307B3826C|10.4399995803833
FC6B46FFF3|12.359999656677246
07194A09A7|8.789999961853027
0EC033BF25|3.7899999618530273
2EDE7511E0|38.03999996185303
4473A51D7F|20.140000343322754
495F3D8453|5.960000038146973
6BC64B6B21|2.890000104904175
8B2AB57A13|2.0299999713897705
9025FD57D2|16.59999966621399
9144989A37|2.7699999809265137
BCA7090C87|19.610000610351562
C41F311132|2.5
D65B411E0F|3.940000057220459
D983B725EB|8.109999895095825
DDDA54ECD3|5.329999923706055
E221147CCE|7.769999980926514
EC052FE564|1.6699999570846558
F520E533BF|9.979999542236328
FBEC36FD2C|0.6800000071525574
FC1B25997D|11.279999732971191
003E8A0AE3|5.369999885559082
043B40273C|2.490000009536743
247E8E27D7|8.359999656677246
2CD640FF4D|22.140000343322754
38798DA16E|15.610000133514404
4F29270C8E|3.7200000286102295
7EC71A64C1|4.139999866485596
81F96D5A6B|1.1200000047683716
8224464251|5.380000114440918
850510134E|23.300000190734863
A2C077636C|3.0799999237060547
A6548BB485|3.880000114440918
C255A65B5A|76.30999946594238
CE71FB9FA7|13.980000495910645
D65F2B36C3|115.29999923706055
DE656BEE29|5.769999980926514
F0D9B27117|1.2100000381469727
F5E6FAB39F|4.420000076293945
12504453B9|7.25
14BADF3D67|1.0800000429153442
15D3973E05|9.670000076293945
255394B5D9|8.069999694824219
2C767C3AE5|9.37999963760376
3135DE8F1F|16.859999656677246
323AFB29D6|16.169999957084656
3EB7750C35|8.869999885559082
56A0188F07|3.5799999237060547
59B97139C2|42.809999227523804
5F5F305D0D|4.800000190734863
66192A6270|9.359999656677246
6730005CF0|6.269999980926514
72925FA40D|6.429999828338623
7B02C8D881|7.559999942779541
7E30A234E2|6.8399999141693115
A0F9DACDE6|9.259999990463257
A5FD4E14FD|2.7100000381469727
B2D2E9360E|7.059999942779541
CBDA875BE9|6.480000019073486
DA78F84DF1|31.46000075340271
ECBF14BD6B|14.73999959230423
F291599AA7|11.349999904632568
000C7F45CE|6.389999866485596
0224301CD3|19.479999542236328
27DF5120B4|5.710000038146973
324E1D46D9|24.869999885559082
66AAEDCBF6|2.0899999141693115
71BC1D4181|4.679999828338623
7E3C220124|19.080000281333923
87E388292D|9.229999542236328
89A4BFCD49|8.180000305175781
955BC78B70|14.0
B12CA9ADF5|29.25999879837036
B3A34234A1|0.23999999463558197
C2D302DA19|9.710000038146973
E188C90B5A|28.520000338554382
EA65A788EA|61.49999809265137
EE5E6511F7|146.87999939918518
EFA7C9E1FB|1.440000057220459
14446AF8B5|7.639999866485596
168FCD5137|12.640000343322754
26F3EB78AB|14.899999618530273
2E265A9018|17.969999313354492
34C5ABF385|4.059999942779541
3EF043936A|62.00999927520752
48AF1F6AC3|0.03999999910593033
61877D7302|0.6299999952316284
8053258E5A|26.360000610351562
9496C102D3|8.210000038146973
ABCA6071FC|12.300000190734863
AE185A2C0A|4.53000020980835
C0A2B74D3D|1.3600000143051147
1158318C1C|0.23999999463558197
16756846E3|53.309998512268066
2DF4B9DA6A|8.789999961853027
2EF58559BF|18.6200008392334
302B918C80|10.979999899864197
3D8700F4B8|1.1799999475479126
440A48C947|7.070000171661377
4C3D555DDA|3.4800000190734863
6886BD7F65|6.650000095367432
971DE9E518|2.4200000762939453
9A22AB7120|15.760000228881836
ADE5C91781|4.559999942779541
B6C92777DC|0.5699999928474426
B867A7C837|8.390000343322754
C3C93B3101|8.779999732971191
C9BFBDEC79|3.549999952316284
D23A5C7889|6.260000228881836
DD19D216BC|18.559999465942383
E72C4FF1FC|0.3799999952316284
FBD0FA0DBC|5.179999798536301
FC118ED1AF|13.449999690055847
FD3AC530ED|9.359999656677246
FF29662345|1.7100000381469727
0809D4F84D|8.380000114440918
117557A869|0.33000001311302185
1E8867B3AD|16.979999542236328
1ED260B12A|33.59999895095825
2AC9F9E78C|4.659999847412109
34DA80F04C|4.099999904632568
7CE24A461A|2.4800000190734863
91468B1D5B|3.2200000286102295
991B2CF81E|19.0
A53F4C62C5|6.460000038146973
B6161D3A76|15.510000228881836
CE0F1B6ED7|45.00000047683716
D177A7EC97|2.559999942779541
D3924D4039|28.84999990463257
E4BF4B540D|0.15000000596046448
390A2B1B4B|18.270000100135803
44DD63E97E|1.090000033378601
4AEBB3A611|25.4399995803833
4DA07B5908|4.800000190734863
5174B4200E|1.409999966621399
53E6618991|1.2300000190734863
618F390C5D|8.829999923706055
74B95BF4B1|9.920000076293945
968FD89147|1.6699999570846558
9F1BAFCA26|11.34000015258789
A2CF548846|8.789999961853027
C8DF09B1A9|3.940000057220459
CB84C7AA7F|2.880000114440918
D734EDC70D|2.609999895095825
EBE964B634|9.390000343322754
EFDFE82DC1|1.2599999904632568
FDA3528E49|5.050000190734863
020FCC14BB|3.309999942779541
3D013D03A7|8.650000095367432
4985F718C7|1.0700000524520874
4B56ED22AC|0.44999998807907104
5278CD7068|15.619999885559082
5A50381B9B|47.94999837875366
5E917ACBFB|19.55999994277954
6A9F044D11|2.0999999046325684
9421E102E8|12.339999675750732
95C5872A50|6.150000095367432
A0F99C50AA|17.489999771118164
A64259FCE5|7.590000152587891
B665324DB9|24.639999866485596
BA870EDA3D|1.690000057220459
C1E438C343|3.570000171661377
04C5F7AB32|9.130000114440918
0706AE4BCC|0.23999999463558197
0720A55EA8|4.900000095367432
110D3ED365|109.72000026702881
218EB8E378|3.6499998569488525
234862E2E0|4.480000019073486
4849958ECE|0.5099999904632568
48C73B4708|2.2300000190734863
533C1FC334|24.679999351501465
5410BE1E6B|6.000000238418579
54E8452C6D|23.760000228881836
648185C3FE|5.929999828338623
6A4BE41856|6.480000019073486
70D8D23A1D|0.019999999552965164
74B450E2E0|5.440000057220459
7B997565B4|7.010000228881836
7DB65E9F40|3.640000104904175
97C3CF8F4D|10.28000009059906
C629E8DA8A|6.519999980926514
CE36919C91|9.569999694824219
E2108061C4|4.75
FB328C5982|31.43000030517578
115389A56A|15.760000228881836
1201FC138D|27.54999989271164
2D53193EC1|4.289999961853027
92A6208D69|5.039999961853027
99FC745CFF|18.020000457763672
A7198191D2|51.959999084472656
A86DE929A6|27.269999742507935
B26649E317|19.600000381469727
B3D2B31F35|38.00000071525574
BAF17D44E0|11.979999542236328
BD48813842|7.53000020980835
C9ECB987BF|1.3200000524520874
CF41787599|18.290000200271606
DAD0216FD3|5.420000076293945
DCA6D41EF7|9.819999694824219
DEC6014F98|0.5099999904632568
E1A7310E32|6.860000133514404
E274AE3286|4.239999771118164
E9E4339F53|374.9100032001734
EBAFD8C55B|3.2699999809265137
0CB13CDFED|9.15999984741211
1DC65AD17A|12.299999713897705
25336961D3|29.5
2E9CD52BF0|1.4500000476837158
31E7A8ACED|24.1200008392334
3BAE98526A|9.529999732971191
3F743BE84A|3.890000104904175
49B75F7D1B|6.460000038146973
70C8ACDB83|31.040000915527344
76645C6B34|10.549999475479126
87E61B8BAF|88.89000129699707
A63CE69A71|20.84000015258789
AF3F6E581D|13.65000057220459
B19A27C01A|40.25000059604645
B5A6BAE721|6.900000095367432
BE00DCA24B|0.5400000214576721
D4CDA846CA|9.760000228881836
DE063B5B69|17.18000030517578
E9B9A1EB5C|0.38999998569488525
0FE44FA24F|19.299999237060547
200E7E1A0C|4.110000133514404
26CEA7F194|3.2799999713897705
38CEA44954|25.229999542236328
6EDF92E75F|36.78000068664551
83D4B3707C|16.160000324249268
96F2054E97|6.760000228881836
9869229037|18.459999084472656
9A859E3CBE|3.9200000762939453
A0A1A665C7|15.75
A43C4E778A|14.759999752044678
B816B85054|19.940000534057617
BC3422097F|3.740000009536743
C0DADA9439|18.56999945640564
D34A02D1C4|8.789999961853027
D6AB851F39|6.7299999594688416
D7D0A30BA9|1.090000033378601
E5B9A6E2F1|0.8600000143051147
EFF3E1E2D6|12.690000057220459
F6789F571E|9.40999984741211
FA6058E9A6|22.679999828338623
FF6865A875|1.8600000143051147
029C84A644|22.009999990463257
07DC57C0C6|9.8100004196167
0DA2403C90|13.319999694824219
0DE6CC65CC|3.430000066757202
1027F795CF|13.220000267028809
1C32B17609|9.079999923706055
201E11C76D|6.570000171661377
35CFDF2219|10.950000286102295
4987E8DDB3|4.869999885559082
56CB335CC3|9.570000171661377
679A393F0C|0.8299999833106995
933EB8EB6A|6.079999923706055
9E46440D8E|46.70000076293945
B69EB92256|0.23999999463558197
BEDCE9FC2E|22.979999780654907
DFD4A01BDB|0.27000001072883606
249A56DA69|15.15999984741211
25E94C75F4|24.859999179840088
3C8A8AD86C|23.079999446868896
4539A6BFC1|7.090000152587891
45E6F8A0D3|13.65999984741211
5107AAC7F8|1.440000057220459
59C616EFE2|17.56999969482422
5FD20A0378|8.40999984741211
6AC5C43E96|3.509999990463257
89157A7182|13.059999942779541
A034B3DFD2|4.489999771118164
A0D16D80DA|4.039999961853027
BD79349B01|5.639999866485596
CACCE8C4A1|23.809999585151672
D937D52CEF|5.980000019073486
EBBCB262E9|16.84000015258789
0D060F101D|12.0
1F1FF13F00|36.1800012588501
3BE3D9EC61|7.079999923706055
417EF7C465|6.75
422B2E05D2|12.809999942779541
579BCB951D|2.140000104904175
57AD6549BA|2.1700000762939453
748361EB75|18.670000076293945
8E5C7AFB1B|19.079999923706055
91D3CCFE8E|19.799999713897705
9803979470|35.950000524520874
9A7E976407|15.140000343322754
A7D52B216B|6.880000114440918
BFE152544F|4.119999885559082
C4DDDC541B|1.4199999570846558
C8236C02BC|0.4699999988079071
CBC45D621F|84.0999984741211
DB29A00744|9.989999771118164
E90CEA1DC5|1.850000023841858
FAD062D78F|13.530000686645508
FCCBA63FCE|1.159999966621399
02945C20B3|3.2499998807907104
07AE9DB480|5.300000190734863
0AFFDA027C|8.9399995803833
18D2E583A0|9.489999771118164
19E7A158ED|8.080000162124634
279562B351|12.34000015258789
4912597ED3|25.90999984741211
5CC0FC612D|3.9800000190734863
5DA3841728|3.390000104904175
61CA5A677E|5.480000019073486
758DE4A26B|32.439998626708984
77D8598917|4.070000171661377
7ADE7C1D62|25.989999771118164
A2A0F00B47|7.159999847412109
AEDA01E0A4|28.290000915527344
0A9C22EAA5|43.16999959945679
1268EF72C2|0.8999999761581421
14B51B036E|2.5399999618530273
237A6FBE20|2.5199999809265137
298AEA59B6|12.0
3B71C0924E|5.159999847412109
5C0AC1F291|8.75
60A992F0B9|17.0
6BD03EE7E8|6.78000020980835
8B3A035BF8|3.880000114440918
9591BE2E27|2.799999952316284
994792D4D1|4.860000133514404
9B2C50CC08|64.00000238418579
A70107D431|13.25
B2BC2E266B|7.019999980926514
B8C68C6386|19.780000686645508
C216D55B7F|2.809999942779541
C863118223|80.5400013923645
F2EDF4A4D7|0.09000000357627869
12EB8AFF5F|35.28000068664551
15B2D21DCC|0.30000001192092896
530DA478EC|8.489999771118164
575973E883|32.0
5CF7788F43|1.850000023841858
74CC9EA3F1|6.869999885559082
8E4E2D8CE1|5.099999904632568
C0D0F7CA80|12.819999694824219
D38FEC782D|6.21999979019165
D64C46553E|15.65999984741211
DEAD50F865|25.040000915527344
DECD82D110|5.0
E32D640B9B|2.5999999046325684
EEF861678D|9.300000190734863
F552F48109|10.259999752044678
FAADAB46E5|35.829999923706055
16E8FC6105|0.9599999785423279
2D8A1F0E02|1.850000023841858
315B6C7C66|7.1600000858306885
32DBD95C24|17.249999523162842
45A22607A8|30.630000799894333
580D5E679C|17.700000762939453
59BC55EF06|3.0399999618530273
75AE3ED2DF|4.460000038146973
A447D2537D|26.079999923706055
A69BA28C16|2.0799999237060547
B45B904541|94.47999954223633
BC5B31061F|3.180000066757202
BD23D14BE9|9.0
C31F063B90|1.4600000381469727
CABE97902E|13.099999845027924
E3871B9F61|1.9600000381469727
F7F1B03B88|37.52000045776367
F8FEDE103F|12.84000015258789
FDC9DEB892|3.9700000286102295
01C846599E|4.630000114440918
04F3D7EA23|8.979999542236328
0A223D488E|2.2100000381469727
0D0C7A7524|25.65999937057495
23BE55684A|5.480000019073486
3866FCDEE5|8.739999771118164
4AD49E4FB2|0.5799999833106995
4CF1071A4F|17.989999532699585
52B639B684|7.239999771118164
60A4B9CBAD|75.28000056743622
688844987E|1.5800000429153442
763FFBFDEC|7.179999828338623
7EA4AE8A95|8.350000381469727
84EAC313FE|1.8200000524520874
8A64BAAC81|29.760000228881836
970B4C4D55|43.260000228881836
A3D61685C4|32.420000076293945
B69E85B9A6|2.7200000286102295
B931B1DA5F|1.3799999952316284
BA42C181BF|40.459999561309814
D46D92C92F|13.169999599456787
E3AEBEE4C6|22.080000162124634
E6C55B0007|13.5600004196167
E725D48536|6.880000114440918
F219D8ACBB|1.7100000381469727
F70EE792FC|105.81999683380127
F8B9F0B9AC|37.1999996304512
14362F1087|1.8899999856948853
255F9C994B|12.0600004196167
2740182E7C|5.239999771118164
3AB8069154|19.59999978542328
41FA39A5DE|9.329999923706055
4BB749C381|23.640000820159912
4C78F25B30|6.829999923706055
6840FC5D95|9.350000381469727
68ECEAE4A9|38.829999923706055
6AA2FCE4BE|6.679999828338623
6D86A74865|45.68000030517578
81F3733615|9.979999542236328
864FB14943|8.720000267028809
95E2A8A211|31.560001373291016
9648188288|9.380000114440918
9D417C6637|4.230000019073486
BEEE948D86|20.19000005722046
C360EE594D|10.140000343322754
DECB87A0A7|10.779999732971191
DFAA104DFA|0.07000000029802322
EF2673884B|18.079999923706055
FA6E626C4B|113.409996509552
15EE4A2ACA|7.849999904632568
2483D78018|9.450000286102295
2A79DB700E|1.7899999618530273
2BD8C1E74F|9.699999809265137
2C0F4A723A|8.770000457763672
3D5CB6C40A|7.900000095367432
3F91D6FE24|3.509999990463257
43727E5FF8|4.480000019073486
580B5F53D5|5.900000095367432
761DB79C37|3.869999885559082
84564BC6A1|19.739999771118164
8CE78677F9|2.8199999928474426
8DC6D79348|15.019999504089355
AABF3D9821|1.5299999713897705
B36C00700E|4.169999957084656
BBE559C787|2.319999933242798
C1B0A5B6B4|8.470000267028809
D4582DB19B|14.5600004196167
D968B6CDAD|10.879999607801437
ED86ED608A|1.4700000286102295
F4CFD46759|43.59000015258789
F8A9CE503A|13.579999923706055
FBB9282A73|24.989999771118164
FEB63EE515|9.720000267028809
0262710197|16.68000030517578
1140B497E5|5.760000228881836
13D99157B4|6.070000171661377
1DE2623D6A|6.430000066757202
3951BBE1C9|9.649999618530273
51D8693AEA|8.350000381469727
60C6CB1DE6|5.760000228881836
633621D295|17.100000381469727
6722586A02|75.999999538064
7D06306724|51.060001850128174
8A8468C153|17.31999969482422
972DC4DB1C|3.5199999809265137
B1FFD4AF7F|12.959999799728394
CC3177EE9D|6.619999885559082
D146D5ED5C|9.410000085830688
D1FE1EED29|3.940000057220459
D522A1C88A|45.300002098083496
DAF5678753|73.69000012613833
DEDCDB1272|6.800000190734863
F33597BC93|18.899999618530273
FA1A5CD0AC|4.489999771118164
FCAD039699|3.2100000381469727
0298344751|14.609999656677246
05601CA4A4|9.910000085830688
0BE7CA4E01|31.920000672340393
260013F4D7|17.700000286102295
397B2E587C|31.580000162124634
4459EFEE2C|9.930000305175781
4BE3499AA4|40.69000005722046
60A1A70DC6|7.570000171661377
636ACEDACB|5.070000171661377
6690367857|19.920000076293945
6FF59A593B|4.340000152587891
775BF86DCD|4.960000038146973
7EACBEE4FD|3.9600000381469727
85B477D8A9|19.679999828338623
91834438A2|8.34000015258789
AFFC7C489D|8.90999984741211
B27C183A65|17.100000381469727
E0F0BF9585|6.010000228881836
EB0BA05640|2.6399999037384987
F682CF5D88|15.5
